gGSP
47.396
