gGSP
33.243
