residue,rGSP
"""""A1""""",99.155
"""""A2""""",97.218
"""""A3""""",92.375
"""""A4""""",87.94
"""""A5""""",82.617
"""""A6""""",76.408
"""""A7""""",72.971
"""""A8""""",76.408
"""""A9""""",56.971
"""""A10""""",19.97
"""""A11""""",61.311
"""""A12""""",76.408
"""""A13""""",85.389
"""""A14""""",90.272
"""""A15""""",92.375
"""""A16""""",97.218
"""""A17""""",98.32
"""""A18""""",99.717
"""""A19""""",99.155
"""""A20""""",98.32
"""""A21""""",98.32
"""""A22""""",100.0
"""""A23""""",100.0
"""""A24""""",100.0
"""""A25""""",99.155
"""""A26""""",90.272
"""""A27""""",82.617
"""""A28""""",47.599
"""""A29""""",42.563
"""""A30""""",56.971
"""""A31""""",37.288
"""""A32""""",26.0
"""""A33""""",37.288
"""""A34""""",37.288
"""""A35""""",61.311
"""""A36""""",87.94
"""""A37""""",97.218
"""""A38""""",99.155
"""""A39""""",99.717
"""""A40""""",100.0
"""""A41""""",100.0
"""""A42""""",100.0
"""""A43""""",100.0
"""""A44""""",100.0
"""""A45""""",100.0
"""""A46""""",100.0
"""""A47""""",100.0
"""""A48""""",100.0
"""""B49""""",100.0
"""""B50""""",100.0
"""""B51""""",100.0
"""""B52""""",100.0
"""""B53""""",99.155
"""""B54""""",98.32
"""""B55""""",97.218
"""""B56""""",94.238
"""""B57""""",90.272
"""""B58""""",85.389
"""""B59""""",79.623
"""""B60""""",79.623
"""""B61""""",87.94
"""""B62""""",90.272
"""""B63""""",90.272
"""""B64""""",90.272
"""""B65""""",94.238
"""""B66""""",95.856
"""""B67""""",98.32
"""""B68""""",99.717
