gGSP
35.399
