gGSP
16.538
