gGSP
51.583
