,"""A1""","""A2""","""A3""","""A4""","""A5""","""A6""","""A7""","""A8""","""A9""","""A10""","""A11""","""A12""","""A13""","""A14""","""A15""","""A16""","""A17""","""A18""","""A19""","""A20""","""A21""","""A22""","""A23""","""A24""","""A25""","""A26""","""A27""","""A28""","""A29""","""A30""","""A31""","""A32""","""A33""","""A34""","""A35""","""A36""","""A37""","""A38""","""A39""","""A40""","""A41""","""A42""","""A43""","""A44""","""A45""","""A46""","""A47""","""A48""","""A49""","""A50""","""A51""","""A52""","""A53""","""A54""","""A55""","""A56""","""A57"""
radius,G,G,G,A,U,C,U,G,U,C,A,C,C,C,C,A,U,U,G,A,U,C,G,C,C,U,U,C,G,G,G,C,U,G,A,U,C,U,G,G,C,U,G,G,C,U,A,G,G,C,G,G,G,U,C,C,C,mean,std dev
2.0,0.034,0.032,0.048,0.059,0.046,0.067,0.045,0.036,0.049,0.046,0.021,0.071,0.055,0.08,0.051,0.052,0.026,0.059,0.058,0.06,0.059,0.072,0.047,0.038,0.054,0.036,0.062,0.05,0.049,0.022,0.041,0.056,0.012,0.024,0.042,0.033,0.049,0.032,0.042,0.09,0.036,0.053,0.024,0.071,0.097,0.055,0.049,0.051,0.038,0.05,0.04,0.037,0.051,0.057,0.052,0.055,0.05,0.049,0.016
3.0,0.161,0.049,0.135,0.117,0.072,0.165,0.139,0.06,0.187,0.377,0.225,0.187,0.154,0.177,0.318,0.202,0.394,0.557,0.247,0.221,0.171,0.188,0.189,0.114,0.119,0.178,0.222,0.153,0.312,0.198,0.139,0.159,0.103,0.319,0.174,0.06,0.171,0.146,0.214,0.766,0.433,1.527,0.127,0.266,0.502,0.666,0.74,0.15,0.222,0.107,0.273,0.115,0.142,0.13,0.103,0.144,0.122,0.246,0.231
4.0,0.269,0.124,0.185,0.217,0.091,0.196,0.203,0.099,0.465,0.552,0.379,0.717,0.264,0.316,0.365,0.324,0.585,1.796,0.385,0.301,0.195,0.239,0.226,0.124,0.147,0.209,0.26,0.646,0.405,0.406,0.202,0.201,0.322,0.462,0.242,0.137,0.218,0.181,0.441,0.941,0.57,1.537,2.101,0.562,0.689,0.698,0.932,0.216,0.33,0.132,0.485,0.157,0.191,0.211,0.119,0.217,0.161,0.41,0.389
5.0,0.319,0.451,0.442,0.428,0.315,0.611,0.624,0.485,0.613,0.737,1.584,2.869,0.6,0.496,1.824,0.686,1.989,3.638,1.518,0.484,0.393,0.379,0.514,0.302,0.451,0.642,0.56,0.77,0.671,0.551,0.346,2.412,4.737,1.892,0.398,0.36,0.472,0.811,1.136,1.413,2.234,1.464,2.878,3.06,1.001,1.591,1.385,0.825,0.513,0.519,0.609,0.567,0.42,0.507,0.396,0.45,0.304,1.029,0.933
6.0,0.389,0.606,0.658,0.665,0.444,0.722,0.814,0.571,0.836,1.012,2.309,3.231,3.103,1.517,2.188,1.795,3.204,4.089,2.02,1.024,0.537,0.796,0.826,0.438,0.678,0.824,0.877,1.036,0.985,0.746,0.481,3.367,5.161,3.344,0.664,0.542,0.8,1.023,2.026,2.898,2.498,1.495,3.548,3.264,2.409,1.848,1.624,1.003,0.817,0.782,0.828,0.638,0.481,0.556,0.467,0.552,0.387,1.446,1.125
7.0,0.394,0.679,0.778,0.762,0.583,0.765,0.93,0.608,0.931,1.127,2.888,3.271,3.712,2.13,2.473,2.244,3.562,3.992,2.445,1.779,0.642,0.968,1.993,0.505,0.701,0.933,0.937,1.071,1.087,0.892,0.537,3.629,4.879,3.71,1.57,0.589,0.888,1.683,2.344,3.15,2.975,1.75,3.848,3.636,3.413,2.762,1.804,1.231,0.9,0.834,0.902,0.646,0.584,0.62,0.598,0.599,0.489,1.69,1.197
8.0,0.384,0.807,0.879,0.818,0.671,0.822,0.999,0.644,1.752,2.29,2.904,3.285,4.126,3.144,2.689,2.612,3.636,3.91,3.005,2.148,0.788,1.114,2.898,1.571,0.725,1.077,0.969,1.12,1.152,0.884,0.554,3.666,4.787,3.86,1.912,0.746,1.01,2.2,3.202,3.651,3.43,2.297,4.091,3.948,3.854,2.994,2.158,1.633,0.966,0.908,0.95,0.662,0.674,0.708,0.698,0.632,0.526,1.939,1.262
9.0,0.653,0.878,0.957,0.959,0.858,0.909,1.048,1.412,2.072,2.921,2.944,3.358,4.343,3.81,2.836,3.263,3.72,3.941,3.102,2.37,1.604,1.223,3.45,2.314,0.788,1.146,1.049,1.156,1.185,1.004,1.327,3.697,4.589,4.093,2.214,1.384,1.092,2.443,3.534,4.009,4.039,2.912,4.439,4.467,4.042,3.349,2.479,1.773,0.996,1.035,0.992,0.926,0.798,0.861,0.827,0.681,0.551,2.19,1.296
10.0,0.79,1.005,1.064,1.068,1.097,1.085,1.113,2.079,2.232,3.004,2.975,3.455,4.48,4.224,3.147,3.998,3.779,3.889,3.234,2.71,2.089,2.52,3.498,2.92,1.144,1.219,1.062,1.244,1.391,1.104,2.78,3.775,4.375,4.235,2.329,1.792,1.786,2.623,3.602,4.743,4.623,3.395,4.545,4.499,4.253,3.346,2.915,2.135,1.244,1.186,1.188,1.085,1.046,1.016,0.948,0.771,0.702,2.448,1.292
11.0,0.934,1.093,1.138,1.154,1.212,1.14,1.3,2.214,2.66,3.104,4.191,3.72,4.68,4.793,3.76,4.126,4.132,3.842,3.313,3.019,2.856,3.329,3.308,3.038,1.247,1.272,1.289,1.355,1.466,1.403,2.983,3.795,4.155,4.14,3.553,3.39,3.492,4.106,3.762,4.868,4.815,3.942,5.045,4.77,4.27,3.554,3.32,2.495,1.539,1.273,1.275,1.242,1.191,1.093,1.053,0.888,0.782,2.752,1.355
12.0,0.993,1.104,1.171,1.181,1.264,1.183,2.041,2.255,2.857,3.664,4.831,5.0,4.912,5.326,4.71,4.286,4.07,3.894,3.552,3.333,3.388,3.666,3.317,3.003,1.286,1.309,1.342,1.421,1.561,1.71,3.208,3.907,4.343,4.124,3.984,4.098,4.25,5.543,4.221,5.135,4.981,4.111,5.557,5.241,4.381,3.641,3.497,2.944,1.738,1.363,1.313,1.277,1.263,1.127,1.097,0.945,0.815,3.013,1.51
13.0,1.062,1.149,1.218,1.243,1.351,1.477,2.238,2.538,3.073,4.499,6.546,5.826,5.118,5.57,5.573,4.367,4.189,4.023,3.811,3.499,3.631,3.827,3.393,2.933,2.086,1.383,1.35,1.449,1.546,1.85,3.292,4.079,4.359,4.13,4.268,4.697,5.308,5.948,5.23,5.295,5.513,4.337,5.886,5.637,4.574,3.902,3.613,3.178,1.992,1.431,1.384,1.376,1.327,1.195,1.152,0.981,0.85,3.276,1.681
14.0,1.087,1.176,1.241,1.29,1.429,1.764,2.381,2.813,3.421,5.521,6.723,6.438,5.471,6.066,5.987,4.804,4.243,4.061,3.899,3.647,3.872,3.835,3.455,2.842,2.65,1.391,1.421,1.467,1.539,2.429,3.398,4.02,4.246,4.219,5.03,5.523,5.75,6.485,6.021,5.634,6.16,4.788,6.433,5.834,4.538,4.161,3.774,3.394,2.337,1.684,1.446,1.467,1.421,1.305,1.203,1.112,0.939,3.521,1.82
15.0,1.105,1.2,1.323,1.329,1.552,1.871,2.465,3.818,3.984,6.134,7.04,7.177,6.189,6.648,6.294,4.931,4.261,4.14,3.966,3.779,3.913,3.777,3.452,2.976,2.601,1.401,1.44,1.494,1.526,2.826,3.371,3.966,4.237,4.391,5.136,6.155,5.937,7.312,6.938,6.136,6.667,5.06,6.708,5.982,4.631,4.213,3.832,3.529,2.891,1.889,1.511,1.575,1.488,1.355,1.254,1.192,1.021,3.737,1.973
16.0,1.203,1.343,1.402,1.518,1.705,2.32,3.136,4.124,5.063,6.394,7.151,7.53,6.862,7.274,6.788,5.258,4.282,4.269,4.081,3.987,3.982,3.731,3.414,3.19,2.617,1.389,1.466,1.462,1.575,3.083,3.51,3.859,4.291,4.765,5.352,6.191,6.766,7.533,7.518,6.946,7.217,5.006,6.947,6.272,4.945,4.289,3.89,3.557,3.061,2.236,1.8,1.702,1.545,1.395,1.286,1.228,1.055,3.961,2.092
17.0,1.431,1.481,1.571,1.674,1.895,2.384,3.452,4.156,5.613,6.949,7.526,7.804,7.544,7.661,6.907,5.632,4.426,4.446,4.173,4.109,4.031,3.842,3.391,3.198,2.732,2.347,1.473,1.433,1.76,3.114,3.608,3.816,4.237,5.01,5.944,6.399,7.115,7.769,7.888,7.561,7.504,5.317,7.21,6.527,5.186,4.411,3.855,3.638,3.108,2.445,2.103,1.754,1.607,1.483,1.358,1.246,1.069,4.164,2.184
18.0,1.455,1.569,1.748,1.813,2.002,2.528,3.669,4.401,6.016,7.276,7.725,8.046,8.094,7.931,7.241,5.901,4.53,4.825,4.216,4.115,3.992,3.842,3.469,3.225,2.871,2.562,1.467,1.448,1.916,3.172,3.565,3.856,4.206,5.357,6.232,6.624,7.347,7.932,8.22,8.258,7.81,5.54,7.324,6.713,5.302,4.56,3.979,3.602,3.149,2.913,2.375,1.908,1.7,1.578,1.409,1.293,1.158,4.333,2.268
19.0,1.457,1.585,1.761,1.929,2.266,2.736,4.135,4.712,6.58,7.447,7.892,8.293,8.411,8.234,7.49,6.123,4.776,5.112,4.248,4.091,3.944,3.863,3.607,3.333,3.012,2.663,1.445,1.966,2.323,3.274,3.577,3.946,4.561,5.492,6.385,7.058,7.584,8.144,8.37,8.472,7.95,6.181,7.35,6.919,5.629,4.733,4.076,3.643,3.295,3.032,2.489,2.217,1.753,1.621,1.428,1.304,1.21,4.511,2.32
20.0,1.528,1.708,1.824,2.09,2.471,3.013,4.323,5.119,6.914,7.648,8.083,8.497,8.585,8.439,7.723,6.528,5.257,5.503,4.537,4.541,4.007,3.835,3.655,3.412,3.146,2.769,1.421,2.408,2.722,3.353,3.635,4.008,4.707,5.664,6.497,7.276,7.729,8.242,8.508,8.67,8.131,6.49,7.55,7.007,5.922,5.144,4.133,3.743,3.846,3.153,2.684,2.342,1.795,1.623,1.468,1.314,1.242,4.694,2.356
22.0,1.62,1.784,1.989,2.246,2.694,3.726,4.899,6.391,7.413,8.117,8.358,8.703,8.929,8.946,8.086,6.918,6.113,6.009,5.402,5.23,4.502,4.056,3.837,3.648,3.3,2.985,1.749,2.821,3.045,3.535,3.83,4.281,5.233,5.999,6.766,7.506,7.986,8.321,8.689,8.933,8.454,7.026,7.914,7.533,6.856,5.616,4.579,5.277,5.269,4.289,3.117,2.508,2.308,1.772,1.624,1.452,1.319,5.114,2.4
24.0,1.762,1.922,2.15,2.579,3.095,4.429,5.481,7.065,7.814,8.206,8.639,9.001,9.31,9.025,8.468,7.452,6.669,6.302,6.42,5.906,5.172,4.672,4.014,3.765,3.571,3.24,2.701,3.105,3.267,3.66,4.066,4.697,5.452,6.271,7.132,7.75,8.106,8.371,8.796,9.01,8.824,7.377,8.373,8.181,7.475,6.201,5.897,6.37,6.426,5.697,4.499,3.279,2.454,1.98,1.686,1.553,1.386,5.547,2.406
26.0,1.816,2.038,2.328,2.792,3.685,5.097,6.281,7.269,7.944,8.374,8.767,9.273,9.346,9.053,8.464,7.85,6.98,6.751,6.807,6.642,5.87,5.465,4.666,4.031,3.685,3.408,2.99,3.277,3.434,3.819,4.325,5.217,5.824,6.511,7.381,8.047,8.385,8.672,8.8,8.942,9.077,7.643,8.697,8.516,7.955,7.238,7.325,7.283,6.902,6.571,5.795,3.986,3.238,2.473,1.9,1.68,1.507,5.931,2.389
28.0,1.89,2.138,2.56,3.096,4.392,5.469,6.758,7.54,8.034,8.55,9.079,9.239,9.302,9.051,8.585,8.081,7.481,7.075,7.163,6.969,6.491,5.973,5.282,4.35,3.937,3.633,3.149,3.464,3.565,4.094,4.61,5.477,6.203,7.008,7.838,8.453,8.645,9.006,8.908,8.97,9.247,7.855,8.973,8.669,8.174,7.991,8.003,7.756,7.397,7.037,6.612,5.177,4.048,2.881,2.238,1.854,1.633,6.264,2.364
30.0,1.996,2.342,2.805,3.51,4.73,5.909,7.093,7.661,8.063,8.62,9.002,9.141,9.206,9.086,8.697,8.184,7.877,7.565,7.516,7.197,6.809,6.348,5.876,5.051,4.061,3.723,3.39,3.635,3.714,4.326,5.087,5.966,6.463,7.309,8.145,8.671,8.984,9.132,9.096,9.059,9.312,7.999,9.199,8.83,8.26,8.432,8.329,7.937,7.682,7.463,7.227,6.293,4.764,3.63,2.535,2.08,1.749,6.54,2.302
32.0,2.118,2.614,3.089,4.131,5.375,6.638,7.418,7.834,8.215,8.754,8.971,9.082,9.163,9.074,8.822,8.442,8.091,7.915,7.946,7.581,7.087,6.762,6.062,5.352,4.408,3.978,3.564,3.8,3.983,4.548,5.426,6.247,7.02,7.894,8.592,8.93,9.13,9.245,9.218,9.126,9.248,8.439,9.161,8.945,8.345,8.458,8.378,8.17,7.922,7.742,7.548,7.094,5.66,4.315,3.065,2.308,1.92,6.813,2.221
34.0,2.364,2.793,3.633,4.541,5.737,7.032,7.628,7.962,8.342,8.716,8.901,9.043,9.123,9.17,8.992,8.638,8.375,8.349,8.24,7.967,7.52,7.085,6.427,5.809,4.842,4.142,3.685,4.023,4.219,5.02,6.024,6.727,7.39,8.208,8.757,9.04,9.288,9.265,9.249,9.23,9.244,8.702,9.11,8.931,8.474,8.514,8.416,8.288,8.122,7.922,7.773,7.487,6.578,4.931,3.596,2.603,2.121,7.058,2.123
36.0,2.627,3.295,4.136,5.118,6.64,7.396,7.838,8.114,8.602,8.735,8.896,8.98,9.088,9.156,9.076,8.894,8.653,8.731,8.587,8.52,7.976,7.549,6.89,6.132,5.337,4.488,3.86,4.177,4.383,5.484,6.335,7.135,7.905,8.613,9.078,9.291,9.286,9.282,9.236,9.216,9.123,8.976,8.995,8.816,8.632,8.69,8.609,8.575,8.288,8.066,7.892,7.613,7.132,5.556,4.364,2.911,2.259,7.32,2.017
38.0,2.827,3.628,4.513,6.027,7.149,7.604,7.932,8.275,8.622,8.749,8.851,8.975,9.064,9.187,9.193,9.068,8.957,8.987,9.012,9.056,8.527,8.003,7.199,6.49,5.792,4.946,4.109,4.373,4.733,6.069,6.834,7.571,8.306,8.908,9.185,9.331,9.343,9.303,9.282,9.209,9.115,9.003,8.956,8.81,8.649,8.667,8.626,8.612,8.587,8.217,7.973,7.706,7.281,6.413,4.951,3.482,2.609,7.559,1.89
40.0,8.935,8.935,8.935,8.935,8.935,8.935,8.935,8.935,8.935,8.935,8.935,8.935,8.935,8.935,8.935,8.935,8.935,8.935,8.935,8.935,8.935,8.935,8.935,8.935,8.935,8.935,8.935,8.935,8.935,8.935,8.935,8.935,8.935,8.935,8.935,8.935,8.935,8.935,8.935,8.935,8.935,8.935,8.935,8.935,8.935,8.935,8.935,8.935,8.935,8.935,8.935,8.935,8.935,8.935,8.935,8.935,8.935,8.935,0.0
mean,1.504,1.708,1.92,2.182,2.543,3.034,3.632,4.11,4.735,5.395,5.943,6.177,6.144,6.018,5.713,5.158,4.938,5.055,4.546,4.249,3.896,3.789,3.7,3.208,2.653,2.353,2.008,2.233,2.36,2.811,3.311,4.223,4.863,4.996,4.956,5.138,5.374,5.851,5.98,6.182,6.144,5.143,6.204,5.891,5.22,4.781,4.454,4.136,3.742,3.411,3.173,2.82,2.478,2.115,1.787,1.533,1.34
std dev,1.586,1.629,1.732,1.961,2.315,2.579,2.775,2.976,3.08,3.138,3.072,3.013,3.087,3.208,3.002,2.823,2.471,2.271,2.574,2.677,2.652,2.468,2.131,2.083,2.004,1.847,1.73,1.758,1.791,2.015,2.189,1.985,2.074,2.384,3.022,3.363,3.435,3.348,3.197,2.966,2.971,2.695,2.656,2.646,2.603,2.616,2.693,2.878,2.986,2.95,2.831,2.663,2.407,2.054,1.789,1.612,1.571
