,"""A1""","""A2""","""A3""","""A4""","""A5""","""A6""","""A7""","""A8""","""A9""","""A10""","""A11""","""A12""","""A13""","""A14""","""A15""","""A16""","""A17""","""A18""","""A19""","""A20""","""A21""","""A22""","""A23""","""A24""","""A25""","""A26""","""A27""","""A28""","""A29""","""A30""","""A31""","""A32""","""A33""","""A34""","""A35""","""A36""","""A37""","""A38""","""A39""","""A40""","""A41""","""A42""","""A43""","""A44""","""A45""","""A46""","""A47""","""A48""","""A49""","""A50""","""A51""","""A52""","""A53""","""A54""","""A55""","""A56""","""A57"""
radius,G,G,G,A,U,C,U,G,U,C,A,C,C,C,C,A,U,U,G,A,U,C,G,C,C,U,U,C,G,G,G,C,U,G,A,U,C,U,G,G,C,U,G,G,C,U,A,G,G,C,G,G,G,U,C,C,C,mean,std dev
2.0,0.04,0.044,0.033,0.051,0.04,0.033,0.04,0.037,0.039,0.035,0.039,0.035,0.048,0.039,0.042,0.041,0.046,0.045,0.047,0.039,0.04,0.048,0.034,0.035,0.045,0.04,0.048,0.053,0.049,0.044,0.033,0.043,0.033,0.026,0.026,0.045,0.035,0.036,0.03,0.031,0.053,0.039,0.034,0.033,0.046,0.052,0.039,0.032,0.032,0.045,0.053,0.032,0.039,0.048,0.051,0.041,0.047,0.04,0.007
3.0,0.078,0.146,0.045,0.197,0.129,0.063,0.101,0.095,0.079,0.229,1.038,0.225,0.202,0.177,0.125,0.142,0.441,0.138,0.217,0.1,0.188,0.119,0.179,0.134,0.132,0.202,0.504,0.511,0.283,0.206,0.249,0.19,0.636,0.139,0.098,0.18,0.193,0.104,0.113,0.554,0.833,0.764,0.184,0.066,0.465,0.684,0.694,0.083,0.07,0.301,0.178,0.178,0.137,0.227,0.178,0.211,0.275,0.253,0.215
4.0,0.128,0.162,0.088,0.274,0.153,0.061,0.118,0.141,0.155,0.289,1.512,0.276,0.261,0.255,0.212,0.23,0.64,2.452,0.535,0.192,0.236,0.162,0.252,0.178,0.18,0.24,0.661,2.153,0.345,0.264,0.314,0.237,0.797,0.218,0.214,0.212,0.258,0.143,0.157,0.749,0.917,0.856,1.647,0.182,0.683,0.817,0.833,0.171,0.148,0.347,0.397,0.23,0.259,0.273,0.246,0.242,0.336,0.433,0.477
5.0,0.362,0.299,0.306,0.483,0.266,0.266,0.353,0.462,0.419,2.3,2.833,3.461,0.682,0.869,0.786,0.646,2.67,4.835,2.465,0.442,0.45,0.357,0.511,0.362,0.47,3.199,1.581,2.38,1.097,0.494,0.565,2.628,4.171,1.615,0.434,0.484,0.551,0.615,0.796,1.189,2.192,0.938,2.526,1.46,0.832,1.38,1.17,0.781,0.344,0.495,0.449,0.345,0.375,0.415,0.4,0.347,0.392,1.123,1.068
6.0,0.797,0.688,0.687,0.677,0.518,0.598,0.676,0.768,0.681,2.58,4.053,3.698,1.207,1.168,1.07,1.679,3.762,5.409,2.965,0.984,0.667,0.918,0.855,0.623,1.094,2.988,1.815,2.698,1.535,0.762,0.918,3.379,4.998,3.73,0.837,0.78,0.94,0.867,1.161,2.197,2.495,1.375,2.768,1.637,1.635,1.611,1.266,0.987,0.792,0.906,0.856,0.707,0.791,0.646,0.572,0.614,0.599,1.556,1.187
7.0,0.972,0.791,0.765,0.854,0.793,0.758,0.805,0.853,0.837,3.213,4.224,3.836,1.39,1.748,1.185,2.21,4.447,5.577,3.536,1.965,0.865,1.225,2.09,0.835,1.488,2.8,2.245,2.828,1.69,1.132,0.984,3.664,4.994,4.137,2.59,0.982,1.152,1.768,1.253,2.251,2.668,2.149,2.854,1.817,2.515,2.102,1.521,1.056,0.843,0.922,0.882,0.827,0.9,0.864,0.844,0.845,0.785,1.862,1.212
8.0,0.949,0.798,0.764,0.834,0.775,0.741,0.779,0.847,0.87,3.417,4.303,3.829,1.623,1.888,1.188,2.28,4.519,5.2,4.329,2.348,0.861,1.303,2.82,1.849,1.553,2.673,2.53,2.762,1.936,1.123,0.999,4.123,5.21,4.491,3.14,1.022,1.187,2.116,2.208,2.249,2.957,3.091,2.894,2.39,3.145,2.242,2.48,2.619,0.833,0.907,0.835,0.829,0.909,0.874,0.857,0.869,0.812,2.07,1.275
9.0,0.966,0.824,0.784,0.827,0.77,0.727,0.81,0.891,1.405,3.391,4.242,3.789,2.735,2.188,1.198,2.626,4.805,5.101,4.337,2.714,1.702,1.388,3.41,2.625,1.86,2.579,2.772,2.689,2.272,1.506,2.277,4.421,5.279,4.792,3.621,2.231,1.244,2.629,2.334,2.297,3.219,3.422,2.883,2.375,3.342,2.325,2.952,2.959,0.806,0.892,0.834,0.845,0.9,0.872,0.876,0.887,0.817,2.285,1.29
10.0,1.016,0.999,0.879,0.897,0.833,0.785,0.864,1.001,2.424,3.398,3.926,3.682,3.59,2.461,1.883,4.251,4.885,4.922,4.225,3.186,2.265,2.405,3.492,3.273,2.014,2.322,2.793,2.65,2.347,1.854,3.545,4.467,5.271,5.051,3.579,2.95,2.326,2.609,2.417,2.883,3.564,3.781,3.04,2.868,3.303,2.315,3.711,3.355,1.715,0.917,0.899,0.954,0.942,0.989,0.933,0.928,0.869,2.556,1.282
11.0,1.034,1.03,0.996,0.939,0.881,0.86,0.979,1.06,2.637,3.269,3.826,3.583,3.541,2.56,2.434,4.392,5.183,4.758,4.209,3.732,3.147,3.126,3.379,3.433,2.132,2.261,2.758,2.595,2.402,2.24,3.714,4.477,5.077,4.91,4.068,3.531,3.336,3.333,2.572,3.129,3.671,4.015,3.229,3.136,3.1,3.237,3.709,3.391,2.482,0.943,1.003,0.953,0.978,1.021,0.984,0.943,0.904,2.723,1.28
12.0,1.02,1.029,0.989,0.93,0.862,0.859,1.158,1.041,2.582,3.306,3.823,3.696,3.558,2.824,3.416,4.492,4.928,4.624,4.229,3.997,3.778,3.997,3.563,3.347,2.054,2.203,2.628,2.489,2.404,2.536,3.97,4.609,4.955,4.904,4.17,3.775,3.764,4.117,3.03,3.495,3.885,4.211,3.586,3.598,2.96,3.314,3.686,3.387,2.827,0.938,1.011,0.94,0.945,1.003,0.974,0.917,0.888,2.846,1.331
13.0,1.01,1.022,1.047,0.925,0.888,1.028,1.25,1.484,2.536,3.431,4.178,3.861,3.595,2.978,4.246,4.608,4.794,4.448,4.45,4.034,4.013,4.285,3.914,3.421,2.635,2.208,2.537,2.388,2.409,2.896,4.112,4.604,4.859,4.853,4.347,3.962,4.264,4.353,3.726,3.636,4.079,4.126,3.935,3.649,2.959,3.4,3.537,3.313,2.769,0.954,1.061,0.992,0.943,0.993,0.976,0.902,0.861,2.959,1.363
14.0,0.998,1.015,1.062,1.023,1.004,1.261,1.416,2.147,2.592,3.7,4.089,3.982,3.642,3.403,4.344,4.669,4.556,4.348,4.32,4.106,4.196,4.255,4.106,3.408,3.159,2.068,2.482,2.32,2.339,3.474,4.219,4.519,4.645,4.684,4.414,4.353,4.384,4.485,4.345,3.906,4.197,4.114,4.165,3.703,2.99,3.363,3.429,3.192,2.71,2.115,1.144,1.147,1.04,1.039,1.066,0.943,0.886,3.065,1.325
15.0,1.013,1.003,1.156,1.09,1.148,1.431,1.511,2.402,2.753,3.781,4.14,4.125,3.878,4.011,4.55,4.611,4.418,4.289,4.401,4.159,4.335,4.179,4.121,3.71,3.212,2.056,2.367,2.255,2.314,3.812,4.263,4.467,4.496,4.506,4.447,4.493,4.306,4.674,4.768,4.108,4.329,4.111,4.225,3.727,3.1,3.36,3.359,3.151,2.759,2.315,1.223,1.284,1.095,1.101,1.135,1.006,1.021,3.141,1.32
16.0,1.18,1.267,1.363,1.44,1.433,1.76,1.875,2.478,3.116,3.865,4.139,4.205,4.089,4.662,4.779,4.596,4.279,4.192,4.37,4.209,4.303,4.14,4.187,4.122,3.177,2.028,2.274,2.155,2.403,4.013,4.324,4.383,4.355,4.375,4.387,4.462,4.559,4.651,4.885,4.622,4.432,3.987,4.297,3.852,3.273,3.266,3.305,3.177,2.95,2.45,1.565,1.487,1.259,1.216,1.187,1.087,1.025,3.244,1.275
17.0,1.304,1.403,1.44,1.57,1.708,1.871,2.204,2.573,3.385,3.941,4.178,4.278,4.315,4.898,4.982,4.592,4.184,4.112,4.289,4.276,4.283,4.296,4.15,4.113,3.358,2.823,2.234,2.106,2.661,4.023,4.304,4.262,4.263,4.271,4.365,4.435,4.603,4.724,4.943,5.127,4.587,3.871,4.267,3.995,3.479,3.301,3.276,3.189,3.045,2.589,1.667,1.558,1.336,1.284,1.202,1.13,1.045,3.328,1.248
18.0,1.299,1.435,1.626,1.72,2.01,2.069,2.623,2.818,3.606,4.016,4.165,4.436,4.591,5.021,5.088,4.61,4.17,4.14,4.2,4.298,4.316,4.301,4.16,4.087,3.658,3.101,2.215,2.169,2.992,4.002,4.208,4.165,4.175,4.217,4.322,4.466,4.7,4.837,5.067,5.579,4.654,3.825,4.257,4.111,3.594,3.209,3.212,3.19,3.14,2.795,2.386,1.756,1.506,1.348,1.218,1.165,1.085,3.423,1.215
19.0,1.308,1.44,1.657,1.923,2.304,2.331,2.961,3.104,3.867,4.085,4.212,4.609,4.745,5.122,5.146,4.615,4.203,4.147,4.18,4.269,4.278,4.28,4.241,4.067,3.896,3.351,2.137,2.709,3.42,4.082,4.158,4.111,4.11,4.177,4.334,4.518,4.763,4.998,5.278,5.592,4.644,3.896,4.268,4.165,3.753,3.314,3.179,3.203,3.262,3.067,2.519,1.951,1.635,1.412,1.24,1.193,1.08,3.518,1.191
20.0,1.401,1.599,1.8,2.181,2.523,2.809,3.119,3.444,4.016,4.165,4.406,4.643,4.813,5.306,5.306,4.74,4.262,4.223,4.211,4.303,4.243,4.259,4.226,4.08,4.007,3.568,2.096,3.218,3.665,4.143,4.148,4.109,4.067,4.175,4.386,4.622,4.813,5.124,5.335,5.566,4.69,4.026,4.348,4.187,3.901,3.557,3.32,3.331,3.51,3.279,2.712,2.03,1.716,1.419,1.276,1.212,1.141,3.628,1.168
22.0,1.495,1.714,2.04,2.536,2.848,3.278,3.575,4.163,4.301,4.34,4.607,4.761,4.93,5.603,5.471,4.868,4.47,4.364,4.351,4.339,4.3,4.226,4.165,4.169,4.071,3.873,2.381,3.657,3.836,4.141,4.121,4.097,4.14,4.247,4.491,4.782,4.974,5.266,5.583,5.594,5.07,4.184,4.454,4.331,4.3,3.759,3.504,3.798,3.95,3.688,3.006,2.614,2.036,1.631,1.427,1.265,1.207,3.831,1.139
24.0,1.705,1.971,2.273,2.788,3.182,3.479,4.089,4.531,4.556,4.646,4.752,4.977,5.366,5.526,5.573,5.221,4.676,4.518,4.574,4.469,4.334,4.255,4.133,4.15,4.114,4.037,3.532,3.81,4.064,4.136,4.109,4.057,4.178,4.345,4.68,4.901,5.082,5.29,5.595,5.615,5.243,4.272,4.795,4.535,4.454,4.113,4.005,4.269,4.392,4.205,3.652,2.915,2.222,1.915,1.536,1.359,1.259,4.043,1.1
26.0,1.788,2.13,2.696,3.097,3.345,3.88,4.592,4.749,4.768,4.925,4.92,5.279,5.383,5.465,5.501,5.454,4.935,4.724,4.707,4.585,4.392,4.287,4.172,4.12,4.154,4.086,3.784,4.077,4.15,4.124,4.088,4.13,4.326,4.575,4.808,5.021,5.197,5.43,5.539,5.572,5.25,4.428,4.953,4.794,4.684,4.438,4.438,4.567,4.586,4.525,4.203,3.298,2.865,2.224,1.863,1.524,1.338,4.227,1.048
28.0,1.876,2.28,2.911,3.249,3.494,4.234,4.824,4.909,5.016,5.124,5.33,5.364,5.397,5.443,5.448,5.496,5.267,4.93,4.985,4.778,4.499,4.303,4.157,4.117,4.131,4.163,3.871,4.148,4.134,4.118,4.06,4.229,4.457,4.811,5.03,5.092,5.237,5.474,5.522,5.54,5.411,4.486,5.082,4.961,4.857,4.686,4.707,4.764,4.751,4.722,4.617,3.968,3.271,2.615,2.238,1.803,1.441,4.383,1.009
30.0,2.073,2.681,3.203,3.322,3.729,4.53,4.934,5.01,5.167,5.33,5.455,5.442,5.415,5.406,5.437,5.519,5.489,5.199,5.227,4.92,4.68,4.432,4.272,4.128,4.116,4.148,4.095,4.147,4.123,4.101,4.133,4.396,4.625,4.986,5.164,5.234,5.335,5.476,5.509,5.532,5.461,4.631,5.325,5.126,5.075,4.904,5.031,5.01,4.895,4.871,4.835,4.468,3.679,3.219,2.579,2.09,1.649,4.543,0.95
32.0,2.196,3.046,3.298,3.481,4.226,4.832,5.001,5.125,5.264,5.504,5.566,5.55,5.516,5.48,5.512,5.543,5.542,5.363,5.477,5.143,4.835,4.665,4.351,4.155,4.107,4.124,4.148,4.14,4.127,4.073,4.235,4.53,4.887,5.174,5.274,5.336,5.516,5.566,5.551,5.553,5.512,5.009,5.476,5.437,5.189,5.091,5.157,5.185,5.121,5.022,4.971,4.848,4.209,3.456,3.029,2.435,1.943,4.704,0.908
34.0,2.59,3.218,3.415,3.742,4.476,4.928,5.075,5.255,5.346,5.612,5.654,5.654,5.586,5.504,5.555,5.558,5.578,5.533,5.574,5.311,5.05,4.832,4.533,4.289,4.073,4.118,4.149,4.133,4.119,4.142,4.449,4.794,5.094,5.261,5.339,5.466,5.62,5.643,5.631,5.597,5.563,5.135,5.589,5.58,5.397,5.273,5.304,5.317,5.284,5.202,5.069,4.982,4.678,3.77,3.305,2.768,2.232,4.841,0.858
36.0,3.093,3.355,3.608,4.134,4.829,5.001,5.114,5.331,5.601,5.698,5.76,5.767,5.738,5.645,5.668,5.615,5.566,5.54,5.582,5.49,5.207,5.027,4.757,4.387,4.151,4.094,4.121,4.13,4.086,4.262,4.603,5.01,5.268,5.356,5.488,5.629,5.684,5.728,5.75,5.712,5.726,5.397,5.697,5.674,5.599,5.564,5.592,5.608,5.37,5.301,5.154,5.03,4.906,4.243,3.47,3.144,2.52,4.993,0.816
38.0,3.201,3.523,3.839,4.552,4.947,5.064,5.217,5.366,5.707,5.847,5.857,5.884,5.811,5.77,5.721,5.627,5.6,5.557,5.6,5.591,5.341,5.171,4.923,4.595,4.287,4.106,4.121,4.081,4.118,4.461,4.852,5.266,5.408,5.488,5.606,5.705,5.803,5.852,5.842,5.795,5.795,5.66,5.782,5.799,5.756,5.661,5.643,5.634,5.605,5.343,5.279,5.077,4.959,4.652,3.801,3.32,2.774,5.117,0.785
40.0,6.404,6.404,6.404,6.404,6.404,6.404,6.404,6.404,6.404,6.404,6.404,6.404,6.404,6.404,6.404,6.404,6.404,6.404,6.404,6.404,6.404,6.404,6.404,6.404,6.404,6.404,6.404,6.404,6.404,6.404,6.404,6.404,6.404,6.404,6.404,6.404,6.404,6.404,6.404,6.404,6.404,6.404,6.404,6.404,6.404,6.404,6.404,6.404,6.404,6.404,6.404,6.404,6.404,6.404,6.404,6.404,6.404,6.404,0.0
mean,1.493,1.632,1.765,1.936,2.087,2.274,2.499,2.707,3.108,3.788,4.194,4.115,3.726,3.718,3.733,3.977,4.301,4.451,4.069,3.599,3.352,3.333,3.433,3.18,2.887,2.961,2.734,2.961,2.818,2.985,3.323,3.923,4.316,4.135,3.795,3.623,3.663,3.873,3.839,4.003,4.052,3.662,3.895,3.572,3.476,3.336,3.395,3.28,2.945,2.637,2.375,2.16,1.963,1.765,1.582,1.434,1.298
std dev,1.205,1.311,1.409,1.51,1.704,1.846,1.925,1.951,1.899,1.575,1.374,1.555,1.882,1.968,2.088,1.837,1.501,1.38,1.503,1.741,1.83,1.769,1.569,1.614,1.539,1.342,1.273,1.203,1.403,1.632,1.665,1.417,1.401,1.56,1.75,1.928,1.995,1.957,2.022,1.849,1.57,1.526,1.513,1.709,1.597,1.539,1.566,1.703,1.855,1.893,1.873,1.782,1.656,1.477,1.327,1.233,1.144
