model,gGSP
PZ22_Bujnicki_2_refined,6.763
