gGSP
19.848
