gGSP
41.436
