model,gGSP
CR1156_TS238_5_vs_CR1156__4_refined,10.701
