model,gGSP
CR1156_TS125_3_vs_CR1156__8_refined,14.699
