gGSP
8.383
