model,gGSP
CR1156_TS232_2_vs_CR1156__29_refined,39.566
