gGSP
78.378
