gGSP
42.276
