model,gGSP
CR1156_TS232_4_vs_CR1156__0_refined,36.746
