gGSP
66.925
