gGSP
51.062
