gGSP
65.329
