gGSP
13.199
