gGSP
71.038
