,"""A1""","""A2""","""A3""","""A4""","""A5""","""A6""","""A7""","""A8""","""A9""","""A10""","""A11""","""A12""","""A13""","""A14""","""A15""","""A16""","""A17""","""A18""","""A19""","""A20""","""A21""","""A22""","""A23""","""A24""","""A25""","""A26""","""A27""","""A28""","""A29""","""A30""","""A31""","""A32""","""A33""","""A34""","""A35""","""A36""","""A37""","""A38""","""A39""","""A40""","""A41""","""A42""","""A43""","""A44""","""A45""","""A46""","""A47""","""A48""","""A49""","""A50""","""A51""","""A52""","""A53""","""A54""","""A55""","""A56""","""A57""","""A58""","""A59""","""A60""","""A61""","""A62""","""A63""","""A64""","""A65""","""A66""","""A67""","""A68""","""A69""","""A70""","""A71""","""A72""","""A73""","""A74""","""A75""","""A76""","""A77""","""A78""","""A79""","""A80""","""A81""","""A82""","""A83""","""A84""","""A85""","""A86""","""A87""","""A88""","""A89""","""A90""","""A91""","""A92""","""A93""","""A94""","""A95""","""A96""","""A97""","""A98""","""A99""","""A100""","""A101""","""A102""","""A103""","""A104""","""A105""","""A106""","""A107""","""A108""","""A109""","""A110""","""A111""","""A112""","""A113""","""A114""","""A115""","""A116""","""A117""","""A118""","""A119""","""A120""","""A121""","""A122""","""A123""","""A124""","""A125""","""A126""","""A127""","""A128""","""A129""","""A130""","""A131""","""A132""","""A133""","""A134""","""A135"""
radius,G,G,A,G,C,A,U,C,G,U,G,U,C,U,C,A,A,G,U,G,C,U,U,C,A,C,G,G,U,C,A,C,A,A,U,A,U,A,C,C,G,U,U,U,C,G,U,C,G,G,G,U,G,C,G,U,G,G,C,A,A,U,U,C,G,G,U,G,C,A,C,A,U,C,A,U,G,U,C,U,U,U,C,G,U,G,G,C,U,G,G,U,G,U,G,G,C,U,C,C,U,C,A,A,G,G,U,G,C,G,A,G,G,G,G,C,A,A,G,U,A,U,A,G,A,G,C,A,G,A,G,C,U,C,C,mean,std dev
2.0,0.016,0.018,0.009,0.003,0.027,0.041,0.058,0.057,0.032,0.072,0.022,0.026,0.036,0.04,0.051,0.005,0.022,0.009,0.025,0.02,0.044,0.069,0.044,0.031,0.005,0.014,0.05,0.335,0.096,0.071,0.07,0.035,0.031,0.04,0.035,0.018,0.018,0.04,0.022,0.021,0.018,0.014,0.039,0.111,0.048,0.016,0.023,0.019,0.014,0.017,0.018,0.026,0.007,0.031,0.019,0.022,0.016,0.008,0.033,0.079,0.066,0.044,0.054,0.049,0.013,0.014,0.066,0.408,0.033,0.024,0.026,0.015,0.017,0.026,0.012,0.048,0.013,0.025,0.056,0.05,0.079,0.034,0.021,0.032,0.029,0.018,0.004,0.021,0.048,0.003,0.008,0.02,0.003,0.016,0.016,0.014,0.028,0.009,0.013,0.016,0.036,0.036,0.019,0.022,0.012,0.017,0.036,0.014,0.032,0.013,0.015,0.011,0.011,0.011,0.01,0.007,0.034,0.017,0.023,0.012,0.021,0.02,0.064,0.033,0.039,0.021,0.021,0.018,0.017,0.039,0.012,0.014,0.022,0.033,0.018,0.034,0.046
3.0,0.023,0.035,0.063,0.028,0.089,0.038,0.136,0.126,0.079,0.146,0.074,0.133,0.161,0.064,0.091,0.027,0.119,0.199,0.158,0.19,0.148,0.188,0.342,0.096,0.093,0.136,0.086,1.031,0.147,0.46,0.415,0.824,0.434,0.149,0.058,0.082,0.068,0.09,0.024,0.083,0.032,0.07,0.039,0.41,0.446,0.167,0.255,0.179,0.199,0.155,0.235,0.154,0.228,0.23,0.283,0.171,0.236,0.279,0.541,0.464,0.57,0.644,0.297,0.226,0.164,0.235,0.326,1.095,0.067,0.031,0.166,0.047,0.169,0.038,0.066,0.617,0.205,0.205,0.133,0.374,1.426,0.468,0.535,0.956,0.031,0.03,0.047,0.148,0.066,0.092,0.037,0.041,0.031,0.075,0.104,0.037,0.129,0.032,0.061,0.088,0.045,0.076,0.151,0.235,0.225,0.247,0.13,0.048,0.091,0.034,0.049,0.021,0.022,0.034,0.039,0.133,0.059,0.044,0.103,0.138,0.075,0.23,0.755,0.206,0.057,0.052,0.063,0.115,0.089,0.083,0.026,0.037,0.094,0.026,0.02,0.19,0.227
4.0,0.026,0.067,0.093,0.059,0.093,0.076,0.164,0.141,0.11,0.596,0.131,0.178,0.707,0.079,0.102,0.058,0.173,0.275,0.179,0.268,0.158,0.244,0.455,0.118,10.472,0.144,0.099,1.647,0.233,11.425,0.56,0.92,0.623,0.212,0.135,0.152,0.113,0.122,0.033,0.096,0.076,0.075,2.66,0.896,0.525,1.457,0.309,0.22,4.555,0.214,0.335,0.602,0.326,0.271,0.382,0.181,0.32,0.378,0.576,0.62,1.307,2.099,11.181,0.29,0.316,0.311,0.355,1.419,0.146,0.07,0.176,0.081,0.177,0.466,0.121,0.885,0.288,0.217,0.155,0.488,1.447,0.698,0.915,2.015,0.111,0.046,0.103,0.159,0.119,0.142,0.11,0.04,0.066,0.094,2.214,9.814,0.195,0.369,0.116,0.131,0.068,0.084,0.221,0.329,0.306,0.391,0.929,10.317,0.101,0.077,0.084,0.054,0.055,0.089,0.08,0.138,0.097,0.087,0.171,0.147,0.13,0.251,0.999,0.547,0.075,0.08,0.154,0.213,0.17,0.155,0.048,0.057,0.11,0.035,0.026,0.762,2.026
5.0,0.103,0.19,0.241,0.226,0.44,0.521,0.381,0.698,0.906,1.037,0.646,0.707,1.039,0.332,0.223,0.371,0.385,0.732,0.81,0.586,0.61,4.751,5.054,0.641,11.892,0.508,9.377,13.499,1.488,14.733,8.925,2.45,1.891,0.692,0.496,5.49,0.507,0.722,0.437,0.186,4.048,0.391,3.884,2.021,1.002,1.731,1.118,0.457,5.131,0.521,0.46,0.728,0.862,1.052,11.335,0.714,0.472,0.688,0.99,9.671,2.336,2.621,15.818,1.054,2.21,0.6,2.11,3.592,3.561,0.417,0.382,0.373,0.444,0.606,0.329,1.836,0.505,0.493,0.365,1.215,2.866,1.048,1.129,3.116,0.405,0.318,0.255,0.366,0.223,0.273,0.419,0.364,0.268,0.244,2.682,8.556,0.485,0.396,0.518,0.228,0.212,0.18,0.979,2.163,3.43,0.525,8.726,17.584,1.405,0.219,0.31,0.275,0.309,0.379,0.339,0.511,2.125,2.943,0.636,1.08,4.458,0.705,1.436,1.198,0.802,0.508,0.465,1.168,0.589,0.353,0.156,0.205,0.207,0.185,0.143,1.957,3.268
6.0,0.131,0.224,0.261,0.248,0.488,0.568,0.543,0.878,1.115,1.088,1.269,1.109,1.028,0.369,0.529,0.467,0.732,0.945,0.801,1.979,2.904,5.266,11.781,11.946,12.666,9.673,15.32,15.132,11.497,15.991,11.754,6.692,7.245,0.731,4.493,7.024,0.814,0.962,3.425,5.634,5.714,4.54,4.065,2.45,1.986,2.039,1.229,3.754,5.475,0.594,4.655,0.671,4.455,7.372,12.038,0.651,9.444,7.168,10.05,14.056,2.661,2.659,20.027,8.718,7.621,0.651,2.594,11.535,6.544,0.465,0.414,0.422,0.59,0.637,1.522,2.286,0.859,0.604,0.557,1.966,3.47,1.531,3.724,3.58,1.538,0.344,0.311,0.431,0.283,0.416,0.499,0.358,0.363,0.339,6.379,14.6,0.572,0.573,0.548,0.265,0.226,0.256,1.355,2.386,4.115,1.586,9.595,18.219,6.904,0.365,0.362,0.334,0.387,0.473,0.446,0.629,2.859,5.469,3.259,3.86,4.007,1.932,1.947,1.823,1.012,0.616,0.806,1.255,0.786,0.535,0.666,0.269,0.222,0.215,0.174,3.488,4.387
7.0,0.149,0.243,0.267,0.284,0.517,0.632,0.623,1.043,1.254,1.128,1.484,1.347,0.981,0.408,0.623,0.557,1.043,0.983,2.517,2.877,4.56,6.498,12.599,17.64,13.419,14.529,17.26,16.426,15.41,18.009,12.819,13.027,10.969,0.768,7.919,8.233,5.502,3.675,4.989,7.06,5.923,5.285,4.393,2.983,2.533,2.678,1.439,5.373,6.655,4.105,5.519,5.345,6.197,11.486,14.574,13.398,12.512,10.117,13.061,14.624,3.153,3.058,20.362,12.612,10.586,0.652,10.402,12.266,9.184,0.505,0.426,0.472,0.631,0.695,2.109,2.566,1.109,0.653,0.674,2.511,3.261,2.276,3.837,3.667,1.726,0.397,0.403,0.514,0.421,0.453,0.533,0.445,0.382,1.29,10.012,14.967,0.611,0.64,0.573,0.288,0.294,0.395,1.435,3.003,4.046,1.668,12.982,18.957,6.448,0.438,0.4,0.373,0.44,0.526,0.498,0.691,3.253,6.738,4.288,4.73,4.343,2.438,2.76,2.025,1.062,0.65,1.112,1.318,1.025,0.759,0.739,0.286,0.243,0.234,0.201,4.523,5.215
8.0,0.175,0.288,0.299,0.341,0.566,0.658,0.84,1.174,1.269,1.334,1.632,1.334,1.181,0.476,0.793,0.881,1.718,0.97,4.187,4.516,5.77,7.948,13.51,19.175,16.791,17.58,18.625,18.463,20.814,20.538,17.271,16.8,12.894,6.149,9.401,9.015,8.678,5.418,6.475,8.543,7.324,6.374,5.367,3.211,2.829,3.233,3.264,6.723,7.375,5.917,7.008,8.907,8.256,13.016,15.475,17.413,15.885,15.493,19.51,16.976,14.876,4.035,20.078,12.899,11.095,7.678,13.808,14.852,14.294,8.11,3.306,2.287,0.637,0.735,2.711,3.216,1.264,0.659,0.706,2.575,3.285,2.639,3.991,3.784,2.255,0.485,0.51,0.593,0.653,0.568,0.61,0.577,0.473,3.727,12.97,14.908,0.816,0.68,0.594,0.483,0.389,0.522,1.843,3.248,4.012,3.397,15.048,18.744,11.872,1.334,0.52,0.453,0.562,0.554,0.59,0.823,7.124,8.101,7.23,5.888,4.756,2.832,3.211,2.288,1.044,0.715,1.261,1.487,1.233,1.116,0.817,0.486,0.336,0.319,0.271,5.799,6.108
9.0,0.219,0.331,0.367,0.408,0.591,0.834,0.992,1.187,1.424,1.458,1.656,1.398,1.38,0.818,0.9,1.278,2.398,3.741,4.781,5.731,7.358,9.571,13.368,19.313,19.17,19.72,19.667,20.727,22.448,22.004,21.569,19.513,16.299,12.648,10.962,10.267,9.812,7.793,8.352,8.79,8.816,7.774,5.724,3.934,3.202,3.669,4.559,7.293,8.708,9.149,9.098,9.958,10.874,14.173,17.815,19.565,19.172,20.97,20.678,20.098,16.071,4.7,19.75,15.834,14.535,15.355,15.443,17.946,16.895,11.23,3.842,2.064,0.637,0.755,2.616,3.417,1.282,0.732,1.558,2.441,3.35,2.903,4.071,3.98,2.848,1.187,0.567,0.679,0.783,0.712,0.679,0.65,0.615,3.788,13.39,14.519,1.089,0.722,0.614,0.572,0.472,0.609,2.022,3.544,6.369,3.732,16.287,18.732,13.733,1.867,0.606,0.537,0.641,0.638,0.686,1.513,8.41,9.639,9.115,6.777,5.411,4.559,3.553,2.627,1.116,0.957,1.496,1.631,1.576,1.233,0.828,0.578,0.409,0.366,0.312,6.769,6.869
10.0,0.699,0.592,0.423,0.505,0.634,0.883,1.11,1.231,1.409,1.494,1.702,1.589,1.422,1.129,1.096,1.497,3.096,4.019,5.9,7.001,7.985,10.738,13.365,19.055,19.568,20.209,19.915,21.363,23.045,22.186,22.17,20.309,17.812,14.936,12.505,11.252,11.002,8.656,9.535,8.913,9.047,8.119,6.089,4.233,3.645,4.364,5.602,7.233,8.869,9.887,10.465,10.951,12.238,14.58,17.999,20.064,20.171,21.355,21.177,20.366,16.021,6.899,19.096,16.936,17.183,17.375,17.012,18.217,16.812,11.911,4.427,3.06,0.648,1.088,2.47,3.385,1.392,0.834,1.632,2.43,3.294,3.654,4.352,4.234,3.457,1.706,0.661,0.729,0.813,0.723,0.684,0.654,0.717,4.449,13.043,14.237,8.684,0.754,0.641,0.625,0.537,0.698,2.169,3.686,6.041,6.76,17.164,18.571,14.905,4.917,0.638,0.583,0.689,0.668,0.751,4.066,9.12,9.892,9.336,7.063,5.77,4.859,4.074,3.191,1.576,1.235,1.66,1.734,1.633,1.264,1.026,0.607,0.454,0.392,0.325,7.284,7.002
11.0,1.14,0.58,0.459,0.576,0.718,0.965,1.206,1.568,2.194,2.634,1.778,1.738,1.424,1.329,1.23,1.937,3.349,5.405,7.205,7.594,8.754,11.214,13.266,18.801,19.876,20.016,20.225,22.396,23.347,22.358,22.099,20.46,18.342,16.57,13.939,11.743,11.288,9.665,9.716,9.494,9.236,8.213,6.412,4.638,4.2,5.026,6.707,8.505,10.025,10.27,10.779,11.955,13.286,15.238,18.25,20.592,20.875,21.783,21.346,20.602,17.385,10.208,18.464,17.917,18.338,18.497,18.675,18.23,16.613,11.326,4.26,3.744,0.681,1.766,2.325,3.213,1.759,1.22,1.718,2.553,3.317,3.992,4.414,4.096,3.302,2.056,0.718,0.763,0.834,0.769,0.682,0.648,1.825,7.247,14.028,14.509,9.288,1.554,0.65,0.64,0.607,1.038,2.541,3.728,9.854,12.855,18.223,18.173,15.276,7.055,0.684,0.614,2.359,2.274,2.268,5.854,10.153,10.323,9.215,7.143,5.667,5.209,4.683,4.259,1.912,1.434,1.786,1.84,1.594,1.447,1.1,0.805,0.488,0.393,0.323,7.807,7.081
12.0,1.294,0.975,0.608,0.639,0.801,1.028,1.483,2.357,3.053,4.925,2.66,1.73,2.592,1.39,1.335,2.44,4.396,6.953,8.041,8.357,9.178,11.406,13.043,18.61,19.93,20.079,20.476,23.094,23.711,23.385,22.966,21.601,19.683,17.644,15.233,13.14,11.676,10.28,10.029,9.857,9.436,8.422,7.037,5.004,8.436,5.618,7.79,9.587,11.251,11.621,11.638,12.707,14.392,15.989,18.649,21.036,22.214,22.71,22.495,21.781,18.441,15.025,17.846,19.356,18.75,18.616,19.42,18.102,17.44,13.5,7.189,5.08,0.713,1.88,2.19,3.036,2.108,1.369,1.851,2.816,3.33,4.315,4.516,4.095,3.26,2.254,0.758,0.815,0.869,1.038,1.808,0.709,2.545,8.792,14.282,14.743,11.244,2.243,0.713,0.683,0.724,1.182,2.677,5.573,12.33,14.345,18.23,17.8,15.642,8.526,1.121,2.535,4.728,4.664,4.341,7.28,10.448,10.582,9.761,8.619,6.723,6.482,5.328,4.421,2.027,1.49,1.931,1.982,1.646,1.492,1.119,0.855,0.661,0.471,0.365,8.487,7.199
13.0,1.498,1.186,0.848,0.77,0.857,1.123,1.55,2.442,5.389,7.16,4.491,3.58,4.131,2.191,1.654,4.473,6.102,7.721,8.451,9.107,10.459,11.851,13.023,18.263,19.594,19.985,21.003,23.237,23.789,23.814,23.294,21.905,20.339,18.364,16.123,15.724,13.535,11.084,10.388,10.089,9.612,8.559,7.377,5.344,10.267,7.335,8.926,10.696,12.19,12.745,12.833,13.714,14.914,16.228,18.599,21.245,22.488,22.862,22.927,22.396,18.564,17.493,17.825,20.191,20.024,19.464,19.278,18.46,17.422,14.329,9.32,5.198,1.571,1.9,2.081,2.781,2.158,1.541,1.888,2.784,3.409,4.28,4.505,3.974,3.208,2.449,1.658,0.872,1.042,1.976,2.071,0.771,4.041,9.841,14.957,14.541,11.553,4.77,0.743,0.723,0.776,1.37,2.754,8.051,13.888,15.404,18.111,17.467,15.979,10.384,3.064,4.565,5.45,5.665,6.491,9.116,10.874,10.914,10.337,9.754,8.918,7.614,6.664,4.863,2.685,1.674,1.984,2.03,1.718,1.488,1.251,0.908,0.668,0.484,0.387,9.12,7.183
14.0,1.601,1.362,1.208,1.055,1.028,1.326,1.855,3.101,7.091,9.128,5.76,4.541,5.046,4.079,4.092,5.572,6.831,8.797,8.875,9.796,11.313,12.873,13.483,17.951,19.346,19.782,21.093,23.347,23.807,24.062,23.389,22.028,20.34,18.656,17.043,16.48,14.31,11.787,10.695,10.249,9.863,8.729,7.773,5.776,12.171,8.732,10.116,11.441,12.923,13.921,14.34,14.657,15.719,16.643,18.657,21.393,22.741,22.886,22.943,22.563,19.461,18.759,17.821,20.263,20.882,19.995,18.982,18.469,16.808,14.247,9.877,5.507,1.88,1.899,2.121,2.549,2.15,1.701,2.044,2.784,3.605,4.172,4.393,3.837,3.195,2.609,1.652,0.906,1.206,2.133,2.171,1.463,6.581,11.444,15.342,14.644,12.474,7.235,1.386,0.77,0.848,1.63,2.947,11.101,14.754,15.832,17.861,17.502,16.175,12.319,4.979,6.497,6.619,6.282,7.945,9.777,11.48,11.282,11.194,11.111,10.702,8.924,7.611,5.483,3.108,2.053,2.099,2.127,1.898,1.578,1.322,0.959,0.732,0.506,0.393,9.668,7.13
15.0,1.62,1.521,1.308,1.208,1.197,1.526,1.949,3.164,8.652,10.483,7.403,6.826,5.751,5.145,5.35,6.786,7.857,9.192,9.643,10.471,12.252,13.371,14.067,17.649,19.034,19.588,20.924,23.004,23.878,24.034,23.356,21.942,20.374,18.791,17.576,16.961,15.444,12.503,10.968,10.602,9.971,8.935,8.123,6.204,13.173,11.013,10.601,12.093,13.44,14.715,15.723,15.849,16.22,17.631,19.245,21.517,22.886,22.899,22.968,22.157,20.012,19.94,17.711,20.043,21.207,20.195,18.718,18.298,16.224,13.81,10.056,5.542,3.155,1.927,2.157,2.368,2.223,1.989,2.192,2.769,3.483,4.065,4.245,3.688,3.239,2.556,1.941,1.402,1.275,2.153,2.12,2.562,7.865,12.442,15.339,14.895,13.331,9.074,2.462,0.808,0.903,1.748,3.191,11.805,15.229,16.867,17.376,17.546,16.243,13.975,6.53,7.634,8.273,7.912,8.944,10.95,12.263,12.528,12.496,12.83,12.12,9.494,7.909,5.82,3.819,2.281,2.185,2.141,1.944,1.651,1.368,1.13,0.774,0.519,0.396,10.126,7.086
16.0,1.602,1.598,1.459,1.401,1.342,1.679,2.352,3.458,8.836,11.344,9.444,8.383,6.205,6.186,6.41,7.728,8.816,9.296,9.949,11.05,12.659,13.909,14.552,17.659,18.559,19.532,20.823,22.871,23.89,24.04,23.449,21.862,20.307,18.923,17.528,16.959,15.913,13.16,11.497,10.822,10.036,9.22,8.541,6.499,13.803,12.04,11.106,12.35,13.73,15.008,16.371,17.411,17.483,18.644,20.11,21.788,22.841,22.93,23.24,22.048,20.847,20.253,17.666,20.055,21.09,20.204,18.416,17.797,16.152,14.333,11.049,6.048,3.992,1.908,2.134,2.408,2.353,2.141,2.329,2.788,3.395,3.96,3.992,3.497,3.245,2.541,1.946,1.544,1.548,2.073,2.236,3.881,8.949,13.022,15.226,15.136,13.352,9.76,4.169,0.882,1.07,2.218,3.416,12.699,15.583,17.282,16.991,17.225,16.656,14.845,8.439,8.695,9.875,9.241,9.747,11.126,12.571,13.043,13.666,14.036,13.089,9.456,7.805,6.25,4.317,2.717,2.32,2.156,2.022,1.75,1.498,1.183,0.925,0.61,0.421,10.488,7.054
17.0,1.626,1.581,1.6,1.48,1.544,1.829,2.792,3.9,10.354,11.726,10.847,9.55,6.989,6.709,7.209,8.447,9.022,9.327,10.103,11.255,12.958,14.234,15.386,17.608,18.164,19.348,20.439,22.421,23.497,23.986,23.512,21.849,20.163,18.54,17.555,17.201,16.037,13.628,11.907,11.149,10.176,9.483,8.853,6.852,14.032,12.46,11.373,12.593,13.885,15.131,16.574,18.264,18.576,19.833,21.039,22.373,23.133,23.333,23.24,22.198,21.768,21.005,17.407,19.998,20.871,20.128,18.365,17.154,15.885,14.33,11.865,7.965,4.264,1.904,2.104,2.451,2.334,2.212,2.385,3.018,3.328,3.841,3.735,3.347,3.177,2.447,1.886,1.71,1.938,2.119,2.537,5.514,10.588,13.679,15.424,15.544,13.192,10.561,6.123,1.939,1.246,2.343,5.639,13.844,15.814,17.37,16.688,17.508,17.124,15.489,10.101,10.127,10.48,9.957,10.186,11.767,12.881,13.762,14.485,14.811,13.471,9.648,7.921,6.463,4.966,3.334,2.424,2.247,3.145,1.847,1.601,1.273,0.965,0.695,0.47,10.837,7.001
18.0,1.64,1.618,1.624,1.632,1.685,1.973,2.884,4.779,10.748,11.915,11.399,10.523,7.819,7.216,7.973,8.89,9.487,9.797,10.442,11.522,13.179,14.728,16.051,17.327,18.206,19.351,20.254,22.09,23.263,23.825,23.061,22.027,20.236,18.398,17.838,17.459,16.346,14.054,12.147,11.214,10.472,10.154,9.426,7.265,14.055,12.731,11.67,12.791,13.982,15.331,16.793,19.045,19.829,20.551,21.571,22.454,23.273,23.44,23.143,22.032,22.204,21.573,17.665,20.158,20.696,19.893,17.955,16.724,15.675,14.196,12.151,8.185,4.546,1.897,2.161,2.589,2.313,2.374,2.581,3.07,3.235,3.721,3.449,3.16,3.001,2.404,1.992,1.875,2.136,2.184,3.058,6.757,11.516,14.242,15.729,15.764,13.379,11.436,7.74,3.25,1.605,2.684,7.805,14.575,16.337,17.129,16.398,17.562,17.346,15.91,12.126,11.183,11.278,10.684,10.893,11.843,13.006,14.31,15.089,15.184,13.724,10.062,7.934,6.676,5.49,3.68,2.807,2.476,4.1,1.936,1.661,1.404,1.107,0.926,0.735,11.133,6.942
19.0,1.658,1.657,1.677,1.747,1.848,2.072,2.963,6.195,10.886,12.419,11.951,10.86,8.921,7.505,8.357,9.412,10.019,10.2,10.964,11.865,13.421,15.093,16.467,17.221,18.171,19.277,20.29,21.685,22.965,23.417,22.679,22.129,20.277,18.531,17.9,17.626,16.466,14.354,12.432,11.415,11.284,11.009,10.104,9.467,14.444,13.31,12.135,13.057,14.266,15.434,17.029,19.551,20.828,21.183,21.928,22.522,23.19,23.4,22.714,21.794,22.214,21.759,17.94,20.307,20.391,19.664,17.922,16.244,15.418,13.857,12.313,8.741,4.942,2.13,2.268,2.577,2.521,2.742,2.781,3.011,3.144,3.616,3.256,2.999,2.853,2.542,2.124,2.009,2.341,2.556,3.141,8.268,12.337,14.849,16.237,16.139,13.753,12.241,9.611,5.518,3.513,3.266,10.535,15.369,16.558,16.923,16.632,17.666,17.557,16.232,13.441,11.922,11.631,11.378,11.524,11.687,13.296,14.84,15.512,15.606,14.243,10.929,8.026,7.055,5.787,4.567,3.753,3.302,6.413,5.391,1.823,1.534,1.255,1.048,0.925,11.512,6.787
20.0,1.761,1.748,1.758,1.812,1.985,2.48,3.257,7.837,11.566,12.833,12.397,11.237,9.775,7.626,8.706,10.028,10.583,10.795,11.332,12.11,13.85,15.305,16.753,17.164,18.292,19.202,20.291,21.373,22.572,23.063,22.872,21.994,20.271,18.775,18.159,17.841,16.797,14.846,12.822,11.955,11.737,11.675,10.71,10.963,14.625,13.867,12.797,13.479,14.495,15.657,17.46,20.045,21.334,21.537,22.061,22.46,22.879,23.057,22.622,21.883,22.174,21.732,18.274,20.338,20.052,19.668,17.962,16.332,15.363,14.161,12.782,9.817,6.283,2.811,2.412,2.563,2.525,2.783,2.767,2.949,3.067,3.508,3.179,2.908,2.748,2.547,2.161,2.217,2.68,2.824,4.316,9.714,13.091,15.097,16.248,16.313,14.332,13.14,10.932,7.436,5.57,5.231,11.607,15.661,16.422,16.613,16.454,17.825,17.384,16.63,14.534,12.701,12.352,11.707,11.881,12.073,13.579,15.382,16.029,15.992,14.81,11.944,8.358,7.405,6.245,5.262,4.332,3.66,7.312,6.629,1.933,1.624,1.363,1.223,1.168,11.869,6.661
22.0,2.079,2.003,1.914,1.961,2.182,2.916,3.79,9.265,12.659,13.388,12.983,12.109,10.939,8.671,9.574,11.142,11.982,11.753,12.374,13.311,14.899,16.508,17.024,16.969,18.385,19.333,20.759,21.414,22.359,22.847,22.585,21.84,20.47,19.119,18.543,18.109,17.291,15.733,14.16,13.456,13.154,12.638,12.142,12.953,15.106,15.168,14.28,14.444,15.207,16.437,18.624,20.54,21.206,21.256,21.548,21.922,22.534,22.893,22.787,22.598,22.297,21.863,19.016,20.335,19.554,19.205,18.12,16.509,15.479,15.035,13.632,11.66,7.952,4.241,2.496,2.56,2.698,2.816,2.797,2.806,2.88,3.275,3.253,2.873,2.626,2.475,2.686,2.796,3.789,5.532,8.243,11.423,14.211,15.872,16.647,16.627,14.884,13.26,12.489,11.37,9.228,9.79,14.037,16.297,15.994,15.924,16.93,18.051,17.197,17.11,15.466,13.283,12.617,12.16,11.897,12.857,14.004,16.034,16.808,16.503,15.816,13.597,9.311,8.155,7.17,6.234,5.343,6.406,9.442,8.48,2.306,1.81,1.605,1.442,1.381,12.557,6.449
24.0,2.109,2.101,2.074,2.187,2.609,3.125,5.44,10.533,13.034,13.634,13.434,12.985,12.015,10.339,10.144,11.846,13.093,13.618,14.148,15.222,16.392,17.552,17.275,17.161,18.285,19.466,20.702,21.969,22.08,22.349,22.103,21.397,20.577,19.646,19.239,18.721,17.734,16.586,15.267,14.429,13.95,13.442,13.527,14.288,15.459,15.905,15.921,15.535,16.249,17.239,19.662,20.943,20.991,20.833,20.943,21.383,22.2,22.792,22.937,22.618,22.147,21.795,19.384,20.126,19.244,18.72,17.948,16.783,15.7,15.213,14.175,12.879,10.341,6.217,2.772,2.569,2.734,2.714,2.803,2.708,2.793,3.014,3.123,2.948,2.601,2.962,4.236,6.589,6.843,8.144,10.604,13.318,15.294,16.447,16.797,16.789,15.095,13.969,13.209,12.823,12.752,13.998,15.276,15.947,16.272,15.882,17.455,18.041,17.711,17.505,16.337,14.095,12.892,12.402,12.6,13.478,15.133,16.595,17.447,16.973,16.475,14.976,11.664,9.206,7.805,6.833,6.359,9.266,10.841,10.489,4.961,2.092,1.778,1.653,1.535,13.25,6.212
26.0,2.104,2.117,2.242,2.343,2.966,3.844,7.813,11.822,13.278,13.699,13.85,13.392,12.963,11.312,10.92,12.265,13.181,13.95,15.41,16.646,17.745,18.231,17.575,17.66,18.194,19.119,20.302,21.869,22.01,22.041,21.495,20.763,20.454,20.333,20.045,19.169,18.363,17.381,16.34,15.449,14.736,14.477,14.865,15.169,15.574,16.271,16.985,16.823,16.91,18.395,20.283,20.947,20.642,20.35,20.455,21.018,21.72,22.451,22.71,22.59,21.793,21.356,19.455,19.745,19.04,18.462,17.783,16.896,16.16,15.422,14.996,13.807,11.908,8.867,4.275,2.724,2.842,2.839,2.727,2.744,2.808,2.9,2.987,2.847,3.229,4.126,7.775,8.92,9.483,10.566,12.21,14.5,15.589,16.471,16.841,16.735,15.548,14.581,13.673,13.585,14.343,15.385,15.976,16.464,16.534,16.098,17.961,18.268,18.172,17.964,17.164,15.33,13.784,13.086,13.421,14.454,15.796,17.064,17.683,17.719,17.183,15.821,13.089,10.212,8.718,7.596,8.384,10.965,11.951,11.274,7.884,2.349,1.969,1.782,1.693,13.828,5.978
28.0,2.098,2.269,2.327,2.867,3.136,4.613,9.178,12.443,13.547,14.005,14.16,14.172,13.845,12.432,12.467,13.14,13.829,15.024,16.283,17.597,18.527,18.619,18.049,18.004,18.282,18.963,19.749,21.571,21.757,21.496,20.921,20.251,20.358,20.532,20.256,19.6,18.822,18.025,17.399,16.179,15.635,15.663,16.108,15.884,15.554,16.588,17.706,18.199,18.523,19.676,20.719,20.67,20.215,19.962,20.188,20.657,21.099,22.06,22.38,22.333,21.249,20.889,19.4,19.416,18.773,18.218,17.72,17.039,16.417,15.807,15.428,14.804,13.443,10.918,6.911,2.741,3.211,3.101,2.844,2.723,2.817,2.849,2.885,2.742,4.111,6.844,9.163,10.622,10.697,12.701,14.275,15.126,15.962,16.29,17.082,16.742,15.808,14.984,14.521,14.381,15.022,15.843,16.507,16.794,16.962,17.169,18.003,18.495,18.69,18.627,17.456,15.884,14.543,13.862,14.035,15.165,16.272,17.33,18.139,18.453,17.601,16.501,14.391,11.859,9.822,9.219,10.493,12.0,12.812,12.274,9.655,2.796,2.174,1.972,1.851,14.348,5.769
30.0,2.287,2.319,2.719,2.969,3.846,7.167,11.267,12.998,13.777,14.354,14.807,14.717,14.579,13.771,13.391,14.08,14.651,15.456,16.853,18.181,19.143,19.177,18.627,18.217,18.446,18.634,19.191,20.992,21.206,20.971,20.47,20.285,20.421,20.595,20.099,19.734,19.374,18.493,18.27,17.616,16.664,16.753,16.944,16.169,15.503,16.534,17.702,18.592,19.495,20.562,20.912,20.373,19.939,19.896,20.035,20.266,20.566,21.323,21.947,21.894,20.619,20.32,19.275,19.044,18.55,17.966,17.598,17.18,16.706,16.179,15.62,15.337,14.556,12.636,9.619,3.271,6.113,5.808,3.067,2.712,2.719,2.923,2.784,3.2,5.465,9.437,11.147,11.669,12.996,14.028,14.906,15.311,15.975,16.485,17.318,17.164,16.126,15.515,15.271,15.092,15.452,16.108,16.952,17.243,17.456,17.785,18.177,18.716,18.842,18.78,17.688,16.564,15.374,14.666,15.023,15.493,16.501,17.549,18.641,18.916,18.107,17.252,15.266,13.266,11.396,10.848,12.067,12.914,13.271,12.841,11.088,6.052,2.314,2.125,2.05,14.865,5.43
32.0,5.274,2.859,2.952,3.787,4.857,8.62,12.056,13.403,14.187,14.957,15.108,15.443,15.557,14.743,14.219,14.996,15.428,16.283,17.73,18.905,19.431,19.609,18.965,18.219,18.465,18.392,18.749,20.298,20.732,20.529,20.221,20.251,20.571,20.45,19.901,19.73,19.715,19.152,18.741,18.594,18.034,17.777,17.323,16.366,15.742,16.633,17.888,19.171,20.194,20.961,20.758,20.108,19.653,19.908,19.981,20.044,20.231,20.761,21.249,21.252,20.084,19.885,19.088,18.767,18.382,17.928,17.598,17.383,17.145,16.647,15.911,15.646,15.292,14.143,11.739,5.293,8.209,8.205,6.24,3.1,2.799,2.815,2.717,4.287,7.793,10.65,11.96,13.045,13.591,14.755,15.193,15.574,16.121,16.707,17.419,17.685,16.396,15.935,15.752,15.808,15.685,16.412,17.016,18.313,18.278,18.059,18.178,18.808,18.968,18.907,18.209,17.01,16.181,15.562,15.654,16.199,16.95,17.872,18.994,19.213,18.686,17.575,16.013,14.423,13.061,12.733,13.047,13.494,13.464,13.125,11.851,8.185,2.842,2.304,2.097,15.357,5.056
34.0,8.574,4.087,3.836,4.391,6.997,10.541,12.766,13.758,14.688,15.394,15.805,15.94,16.481,15.984,15.871,16.174,16.574,17.284,18.396,19.351,19.807,19.918,19.336,18.258,18.364,18.217,18.413,19.578,20.209,20.2,20.174,20.377,20.568,20.255,19.811,19.781,19.792,19.549,19.026,19.25,18.936,18.365,17.539,16.455,15.751,16.672,17.836,19.238,20.562,21.028,20.524,20.022,19.727,19.905,20.029,19.783,20.02,20.2,20.717,20.637,19.675,19.426,18.926,18.599,18.223,17.803,17.569,17.456,17.425,16.873,16.163,15.775,15.653,15.087,13.074,8.194,10.832,10.099,8.816,5.132,3.614,2.855,3.304,5.022,10.094,12.274,13.323,13.809,14.529,15.432,15.594,15.947,16.285,16.924,17.488,18.083,16.664,16.243,16.052,16.118,16.326,16.795,17.74,18.92,18.528,18.107,18.392,18.65,18.817,18.983,18.467,17.24,16.717,16.138,16.247,16.645,17.16,18.208,19.353,19.481,19.055,18.026,16.848,15.302,14.254,13.745,13.92,14.106,13.827,13.447,12.562,9.968,3.793,2.645,2.275,15.843,4.612
36.0,10.379,7.657,5.66,6.83,9.044,11.903,13.286,14.123,15.27,15.953,16.284,16.728,17.437,17.209,16.959,17.313,17.616,18.054,18.956,19.63,20.124,19.92,19.302,18.249,18.289,18.298,18.265,19.114,19.717,20.034,20.242,20.506,20.697,20.26,19.969,19.817,19.861,19.828,19.583,19.461,19.309,18.767,17.666,16.25,16.017,16.938,17.983,19.513,20.631,20.844,20.385,19.897,19.782,19.835,19.958,19.837,19.769,19.862,20.075,19.999,19.162,19.028,18.726,18.557,18.063,17.796,17.556,17.697,17.593,17.175,16.495,15.954,15.691,15.443,14.729,10.779,12.865,11.791,10.649,8.572,5.242,3.796,4.566,7.223,11.175,12.705,14.123,14.658,15.543,15.807,15.891,16.325,16.506,17.092,17.674,18.384,17.046,16.331,16.17,16.364,16.629,17.108,18.285,18.951,18.812,18.271,18.413,18.507,18.625,18.869,18.602,17.725,17.081,16.92,16.898,17.106,17.545,18.836,19.77,19.743,19.343,18.456,17.486,16.215,15.122,14.632,14.692,14.516,14.106,13.607,12.903,11.251,7.173,2.963,2.344,16.338,4.055
38.0,11.904,9.982,8.407,8.87,10.764,12.616,13.801,14.791,15.89,16.449,16.88,17.666,18.054,17.891,17.667,17.951,18.237,18.618,19.482,19.975,20.327,19.89,19.364,18.401,18.303,18.262,18.224,18.855,19.437,19.953,20.15,20.472,20.523,20.278,20.249,20.087,19.905,19.982,19.844,19.687,19.602,18.786,17.485,16.283,16.137,17.178,18.274,19.637,20.648,20.706,20.242,19.927,19.814,19.813,19.858,19.857,19.587,19.631,19.645,19.474,18.763,18.809,18.52,18.483,18.048,17.783,17.649,17.678,17.678,17.443,16.866,16.239,15.972,15.671,15.288,12.372,14.24,13.313,11.64,10.525,8.024,4.826,5.422,9.025,12.324,14.053,14.792,15.449,15.984,16.106,16.277,16.525,16.928,17.209,17.726,18.497,17.421,16.45,16.301,16.462,16.738,17.658,18.505,19.08,18.857,18.405,18.372,18.303,18.44,18.658,18.787,18.162,17.662,17.532,17.506,17.459,18.045,19.253,19.825,20.043,19.672,18.979,17.965,16.967,16.123,15.681,15.4,15.109,14.734,13.958,13.281,12.075,8.906,5.795,2.87,16.772,3.546
mean,2.278,1.829,1.668,1.808,2.245,3.057,4.162,5.660,7.596,8.384,7.859,7.498,7.088,6.266,6.355,7.134,7.884,8.550,9.428,10.183,11.213,12.453,13.647,15.265,16.366,15.977,17.163,18.564,18.550,19.708,18.378,17.304,16.185,14.321,14.036,13.836,12.685,11.342,10.876,10.725,10.459,9.775,9.293,8.146,9.867,9.620,9.843,11.036,12.342,12.366,13.194,13.713,14.214,15.266,16.894,16.940,17.588,17.776,18.168,18.207,15.926,14.210,17.038,15.726,15.496,14.396,14.548,14.706,13.601,11.309,9.047,7.384,5.599,4.582,4.100,3.403,3.325,3.042,2.856,2.986,3.196,2.999,3.332,3.612,3.680,3.731,3.889,4.118,4.383,4.867,5.390,6.339,8.040,10.149,13.165,14.307,10.125,7.981,6.487,5.620,5.404,5.881,7.629,10.323,11.894,11.952,14.848,16.546,13.798,10.930,8.435,8.015,7.965,7.695,7.891,8.887,10.751,11.737,11.736,11.494,10.871,9.242,7.967,6.723,5.379,4.673,4.727,5.060,5.477,5.009,3.767,2.528,1.557,1.120,0.899
std dev,3.006,2.187,1.816,2.039,2.637,3.591,4.490,5.143,5.661,5.932,6.046,6.079,5.947,5.819,5.759,5.918,5.879,5.961,6.106,6.378,6.508,6.087,5.518,6.272,5.115,6.751,6.342,6.529,7.828,6.154,7.202,7.348,7.063,7.795,6.888,6.355,6.790,6.577,6.074,5.733,5.428,5.599,5.313,5.632,6.111,6.097,6.334,6.212,5.872,7.068,7.063,7.428,7.244,6.899,6.336,7.932,7.727,8.041,7.759,6.856,7.702,8.140,4.970,6.810,6.855,7.652,6.523,5.589,5.700,6.083,5.975,5.730,5.808,5.287,4.378,2.671,3.646,3.479,2.906,2.072,1.270,1.215,1.273,1.607,3.044,4.079,4.786,5.154,5.413,5.711,5.982,6.432,6.666,6.466,5.439,4.496,6.422,6.403,6.421,6.497,6.606,6.797,6.825,6.758,6.398,7.020,5.547,4.827,6.262,7.463,7.535,6.826,6.341,6.114,6.162,6.102,5.623,5.777,6.495,6.648,6.383,6.205,5.400,4.951,4.854,4.806,4.881,5.121,5.305,5.195,4.542,3.448,2.022,1.223,0.838
