gGSP
52.231
