gGSP
55.563
