gGSP
27.615
