gGSP
63.715
