,"""C1""","""C2""","""C3""","""C4""","""C5""","""C6""","""C7""","""C8""","""C9""","""C10""","""C11""","""C12""","""C13""","""C14""","""C15""","""C16""","""C17""","""C18""","""C19""","""C20""","""C21""","""C22""","""C23""","""C24""","""C25""","""C26""","""C27""","""C28""","""C29""","""C30""","""C31""","""C32""","""C33""","""C34""","""C35""","""C36""","""C37""","""C38""","""C39""","""C40""","""C41""","""C42""","""C43""","""C44""","""C45""","""C46""","""C47""","""C48""","""C49""","""C50""","""C51""","""C52""","""C53""","""C54""","""C55""","""C56""","""C57""","""C58""","""C59""","""C60""","""C61""","""C62""","""C63""","""C64""","""C65""","""C66""","""C67""","""C68""","""C69""","""D1""","""D2""","""D3""","""D4""","""D5""","""D6""","""D7""","""D8""","""D9""","""D10""","""D11""","""D12""","""D13""","""D14""","""D15""","""D16""","""D17""","""D18""","""D19""","""D20""","""D21""","""D22""","""D23""","""D24""","""D25""","""D26""","""D27""","""D28""","""D29""","""D30""","""D31""","""D32""","""D33""","""D34""","""D35""","""D36""","""D37""","""D38""","""D39""","""D40""","""D41""","""D42""","""D43""","""D44""","""D45""","""D46""","""D47""","""D48""","""D49""","""D50""","""D51""","""D52""","""D53""","""D54""","""D55""","""D56""","""D57""","""D58""","""D59""","""D60""","""D61""","""D62""","""D63""","""D64""","""D65""","""D66""","""D67""","""D68""","""D69"""
radius,G,G,G,G,G,C,C,A,C,A,G,C,A,G,A,A,G,C,G,U,U,C,A,C,G,U,C,G,C,G,G,C,C,C,C,U,G,U,C,A,G,C,C,A,U,U,G,C,A,C,U,C,C,G,G,C,U,G,C,G,A,A,U,U,C,U,G,C,U,G,G,G,G,G,C,C,A,C,A,G,C,A,G,A,A,G,C,G,U,U,C,A,C,G,U,C,G,C,G,G,C,C,C,C,U,G,U,C,A,G,C,C,A,U,U,G,C,A,C,U,C,C,G,G,C,U,G,C,G,A,A,U,U,C,U,G,C,U,mean,std dev
2.0,0.047,0.033,0.021,0.03,0.022,0.031,0.036,0.028,0.023,0.04,0.041,0.035,0.03,0.032,0.04,0.027,0.032,0.045,0.036,0.03,0.019,0.046,0.033,0.033,0.021,0.029,0.044,0.019,0.033,0.024,0.02,0.033,0.047,0.037,0.027,0.042,0.028,0.028,0.054,0.019,0.028,0.028,0.026,0.041,0.037,0.046,0.027,0.026,0.042,0.045,0.043,0.03,0.033,0.038,0.034,0.018,0.034,0.035,0.035,0.04,0.027,0.03,0.037,0.025,0.048,0.029,0.026,0.036,0.036,0.025,0.024,0.031,0.024,0.023,0.033,0.043,0.026,0.031,0.027,0.019,0.022,0.02,0.04,0.014,0.031,0.037,0.025,0.036,0.029,0.032,0.043,0.044,0.033,0.028,0.029,0.029,0.03,0.034,0.03,0.02,0.028,0.021,0.034,0.038,0.025,0.052,0.028,0.032,0.014,0.018,0.027,0.024,0.035,0.032,0.026,0.04,0.024,0.045,0.048,0.019,0.038,0.026,0.034,0.021,0.044,0.03,0.033,0.049,0.028,0.031,0.031,0.028,0.026,0.048,0.021,0.038,0.04,0.023,0.032,0.008
3.0,0.337,0.137,0.065,0.189,0.077,0.355,0.536,1.03,0.135,0.372,0.353,0.076,0.179,0.612,0.404,0.585,0.126,0.162,0.176,0.123,0.828,0.086,0.059,0.064,0.089,0.171,0.32,0.183,0.055,0.235,0.161,0.097,0.176,0.187,0.07,0.105,1.041,0.113,0.08,0.069,0.063,0.079,0.131,0.178,0.145,0.704,0.561,0.862,0.536,0.212,1.634,0.621,0.104,0.136,0.143,0.234,0.18,0.167,0.072,0.866,0.954,0.395,0.888,0.084,0.243,0.195,0.162,0.103,0.248,0.315,0.113,0.244,0.099,0.066,0.051,0.725,0.399,0.135,0.14,0.155,0.257,0.531,0.126,0.546,0.096,0.165,0.162,0.092,0.201,0.558,0.319,0.117,0.135,0.346,0.114,0.113,0.066,0.115,0.103,0.086,0.154,0.13,0.086,0.126,0.18,1.157,0.095,0.072,0.103,0.091,0.39,0.167,0.374,0.284,0.781,0.275,0.759,0.237,0.314,0.35,0.689,0.213,0.201,0.153,0.111,0.232,0.136,0.118,0.598,0.915,0.45,0.303,0.364,0.123,0.183,0.327,0.132,0.24,0.286,0.271
4.0,0.429,0.526,0.103,0.55,0.445,0.476,0.861,2.898,0.414,0.475,2.951,0.136,5.547,2.087,0.565,1.642,0.176,11.759,18.525,0.223,2.235,0.137,0.109,0.083,0.191,0.275,0.514,3.196,11.228,0.274,0.246,0.3,0.381,0.569,0.106,0.719,1.573,0.192,0.446,0.133,0.148,0.098,0.319,0.301,0.193,2.719,0.79,0.926,0.828,0.368,1.844,0.679,1.822,0.216,0.332,0.24,0.294,0.376,0.117,0.865,11.144,18.695,0.892,0.55,0.589,9.705,0.17,0.155,0.642,0.447,0.639,0.376,0.675,0.175,0.205,0.893,3.661,1.645,0.584,0.277,0.957,5.612,2.073,0.732,0.157,0.82,11.152,18.55,0.265,1.515,7.518,0.195,0.168,0.514,0.603,0.154,0.107,12.33,0.14,0.146,0.201,0.177,0.187,0.148,0.531,2.018,1.628,0.571,0.446,0.111,0.429,0.972,2.27,2.085,2.495,0.401,0.721,0.56,0.424,1.06,0.746,0.526,0.271,0.321,0.237,0.671,0.237,0.217,0.773,12.175,16.093,11.442,0.879,1.104,7.345,0.4,0.207,0.32,1.988,3.889
5.0,1.74,0.598,0.462,0.777,0.487,0.739,1.929,3.901,1.25,1.621,3.482,0.667,7.654,2.998,3.124,1.935,1.544,9.344,21.515,8.614,4.391,0.817,0.9,0.53,4.795,0.379,6.661,9.403,14.181,0.54,0.689,0.487,0.749,0.575,0.669,1.832,2.447,2.189,1.247,0.595,0.488,0.253,0.43,0.71,1.508,2.92,1.645,1.85,3.019,3.055,2.562,1.442,2.399,0.825,0.458,0.306,0.759,0.834,0.783,1.467,12.991,21.913,9.195,0.997,6.308,7.836,1.319,3.08,6.401,1.213,0.744,0.496,0.78,0.239,0.337,2.551,4.966,2.172,1.312,1.07,1.796,7.544,2.938,2.1,2.325,1.023,9.352,22.037,8.716,3.895,12.234,1.287,0.901,4.777,0.95,1.096,9.474,14.612,0.258,0.367,0.312,0.518,0.492,0.57,1.594,2.457,1.639,0.825,0.813,0.432,0.78,1.667,2.853,2.728,3.133,1.232,3.013,2.634,2.035,1.754,1.576,2.557,0.964,0.352,0.738,0.936,1.015,1.599,1.687,20.024,21.254,11.996,1.007,1.536,9.361,1.216,1.091,5.316,3.373,4.654
6.0,8.141,0.712,0.578,0.846,0.549,0.817,3.378,4.181,2.322,2.307,4.475,4.472,7.28,5.985,5.878,6.314,6.875,15.98,21.861,13.514,9.7,7.595,2.787,5.522,6.988,3.688,9.92,10.673,15.235,2.572,0.737,0.633,0.834,0.719,0.732,1.848,2.947,2.28,1.411,0.725,0.564,0.265,0.488,0.949,1.606,3.8,2.305,1.959,3.779,4.171,3.228,2.225,3.04,0.888,0.431,0.322,0.83,1.047,1.216,3.377,18.858,21.82,13.061,10.958,10.165,10.935,7.482,5.987,7.083,1.497,0.763,0.695,0.818,0.318,0.512,3.37,5.438,2.054,1.39,1.369,2.15,7.122,5.273,2.145,2.521,1.089,15.906,21.979,13.66,9.191,12.796,2.515,4.274,6.726,3.994,6.554,11.454,14.793,4.07,0.378,0.352,0.567,0.581,0.584,1.532,2.746,1.821,1.283,0.95,0.626,0.991,1.954,3.042,2.999,3.769,1.969,3.372,3.28,2.426,2.667,2.295,2.819,0.939,0.594,0.831,0.996,1.315,1.902,2.952,21.422,21.676,15.025,1.192,7.696,8.641,1.39,2.517,5.912,4.719,5.238
7.0,10.233,1.348,0.655,0.941,0.638,0.922,3.691,4.309,2.451,2.648,5.344,6.922,8.954,9.744,7.956,7.631,10.841,17.305,21.031,16.505,11.831,8.89,3.293,7.833,7.208,7.023,10.462,13.145,17.361,2.77,0.829,0.687,0.837,0.773,0.767,2.513,3.139,2.624,2.385,0.979,0.634,0.307,0.541,1.267,1.915,4.339,3.018,2.004,4.224,4.626,3.468,3.322,2.984,1.419,0.438,0.364,0.884,1.252,1.841,3.894,21.076,21.212,15.893,11.922,13.884,12.658,8.376,7.62,7.729,5.6,1.03,0.706,0.864,0.437,0.692,3.81,5.628,2.008,1.487,2.746,5.552,7.86,8.051,5.214,5.83,7.755,17.123,21.316,17.928,11.483,13.667,4.935,6.825,7.041,6.992,8.892,12.775,17.263,4.716,0.396,0.365,0.601,0.598,0.625,2.176,2.821,1.999,1.984,1.053,0.833,1.06,1.887,3.505,3.146,4.271,2.794,3.815,4.264,2.65,2.746,2.602,2.787,1.671,0.69,0.973,1.051,1.507,2.301,4.377,21.886,21.258,17.412,5.896,11.142,12.932,6.854,5.546,6.538,5.766,5.642
8.0,10.531,1.784,0.897,1.044,0.872,1.029,3.729,4.484,4.689,4.616,6.415,8.217,9.333,12.032,12.477,11.635,16.935,19.682,20.482,18.661,13.542,12.452,5.439,9.562,8.774,10.248,11.339,15.165,19.09,3.896,2.602,0.905,0.985,0.956,0.876,2.893,3.175,3.112,2.602,3.915,0.773,0.36,0.597,1.277,2.329,4.731,3.975,2.14,4.37,4.581,3.539,3.675,3.178,1.545,0.533,0.43,1.006,1.317,2.358,5.142,22.018,21.211,19.077,16.884,15.584,14.858,11.954,9.212,7.906,9.709,1.53,0.885,0.929,0.757,0.718,4.277,5.748,5.888,4.431,3.419,7.226,8.37,9.489,9.758,10.744,14.715,19.468,20.665,19.497,12.654,16.033,8.413,8.796,9.011,10.203,10.091,15.022,19.194,7.897,3.348,0.422,0.728,0.774,0.766,2.765,3.125,2.724,2.472,4.268,1.093,1.326,2.555,3.582,3.941,4.235,3.606,4.083,4.266,2.646,2.795,2.815,3.646,2.157,1.166,1.155,1.206,2.225,2.765,5.565,22.497,21.134,18.989,10.702,13.993,13.766,8.969,6.848,7.086,6.995,6.17
9.0,11.933,3.334,0.964,1.113,1.012,2.054,3.876,4.579,4.898,5.59,7.619,8.915,10.968,13.186,14.997,16.183,17.807,19.187,20.622,19.886,14.245,15.162,8.691,10.631,10.456,11.211,11.626,16.892,19.22,6.291,3.104,1.134,1.047,1.139,1.899,3.397,3.708,3.393,4.37,4.749,0.972,0.483,0.714,1.267,3.021,4.739,4.63,2.998,4.398,4.534,4.097,4.035,3.666,1.809,0.604,0.643,1.025,1.823,2.7,5.973,21.801,21.03,19.204,19.05,16.842,15.049,13.097,10.039,8.264,11.985,1.638,0.954,0.967,0.845,0.722,4.622,5.685,6.184,4.267,5.44,7.741,9.396,11.262,12.59,12.459,16.972,19.538,20.345,19.874,13.591,16.881,11.759,9.944,10.222,11.11,10.75,16.781,19.204,8.115,4.306,0.707,0.808,0.936,1.119,3.443,3.126,3.124,4.309,3.991,1.322,1.616,2.687,3.563,4.146,4.272,4.361,4.577,4.515,2.64,3.373,3.487,3.822,2.884,1.75,1.342,1.317,2.507,3.278,6.103,21.527,20.86,18.821,15.058,14.756,13.688,10.594,8.413,7.412,7.696,6.345
10.0,12.495,5.346,1.102,1.16,1.14,2.697,3.956,4.483,5.1,6.189,8.225,9.294,11.082,13.08,15.475,17.013,18.952,19.278,20.409,19.264,14.577,16.053,10.892,11.337,11.671,12.08,12.731,17.339,19.005,8.562,3.318,1.189,1.063,1.164,2.494,3.704,3.953,3.681,5.738,8.377,1.203,0.671,0.958,1.355,3.553,4.789,4.872,3.427,4.467,4.474,4.407,5.105,5.439,2.329,0.795,0.87,1.207,2.023,3.224,6.445,21.13,20.345,19.289,18.984,16.99,15.039,13.286,10.356,8.361,14.031,4.404,1.022,0.959,0.889,1.827,4.574,5.531,6.251,5.687,7.061,7.803,9.556,11.559,13.71,14.27,17.706,19.835,20.826,19.461,14.26,17.574,13.358,10.651,11.56,11.804,12.001,17.058,19.038,9.278,4.299,0.765,0.826,0.955,3.039,3.559,3.539,3.581,5.711,8.477,1.546,2.104,2.726,3.456,4.33,4.375,4.641,4.621,4.439,2.752,4.296,5.886,6.3,3.432,2.131,1.503,1.643,2.69,3.808,6.878,20.591,20.471,18.717,16.63,15.218,13.927,11.11,9.058,7.361,8.225,6.275
11.0,13.024,7.44,1.516,1.258,1.26,3.094,3.986,4.363,5.505,6.985,8.403,9.695,11.596,13.749,16.454,17.681,19.329,19.968,20.645,19.055,15.147,16.566,12.791,11.981,12.577,12.796,13.695,17.937,19.087,9.474,3.706,1.683,1.231,2.172,2.854,3.835,4.046,5.495,6.941,8.454,4.425,0.825,1.042,1.463,3.526,5.047,5.196,3.607,4.444,4.511,4.816,5.794,5.773,2.533,0.938,0.873,1.35,2.226,3.539,7.203,20.657,19.923,19.171,19.244,17.631,15.498,13.346,10.861,8.709,15.272,6.685,1.312,1.013,0.951,2.614,4.546,5.178,6.369,6.313,7.5,8.114,10.201,11.857,14.275,16.07,18.472,20.065,20.788,18.719,15.661,17.694,14.075,11.688,12.018,12.355,13.462,17.66,18.898,10.288,5.006,1.525,0.872,1.954,3.191,3.931,3.667,3.982,6.859,8.525,3.908,2.2,2.905,3.483,4.267,4.64,5.212,4.586,4.613,3.549,5.025,7.723,7.005,3.744,2.438,1.731,2.075,2.89,4.746,7.977,19.964,20.007,18.826,17.423,16.416,14.025,11.713,9.372,7.472,8.704,6.245
12.0,13.804,8.866,2.038,1.282,1.882,3.289,4.062,4.469,5.835,7.396,8.733,10.224,11.888,14.154,16.593,17.972,19.407,20.03,20.257,18.227,15.257,16.891,13.88,12.601,13.322,13.394,14.82,18.316,19.824,10.243,4.332,2.545,1.906,2.488,3.048,4.019,6.241,7.339,8.354,8.856,6.328,1.188,1.075,1.654,3.464,5.094,5.28,3.698,4.449,4.541,4.916,6.869,6.417,2.782,1.197,1.039,1.737,3.382,4.514,8.222,19.835,20.392,19.287,19.091,17.993,15.571,13.285,11.479,9.114,15.435,8.322,1.793,1.041,1.032,3.239,4.534,5.107,6.615,6.877,8.17,8.506,10.292,12.278,14.512,16.696,18.443,19.936,20.004,17.873,16.234,17.544,14.502,12.63,12.716,12.664,14.828,17.894,19.251,10.844,6.228,2.957,1.01,2.945,3.351,4.203,5.626,6.114,8.285,9.108,6.713,2.388,2.909,3.401,4.195,5.204,5.398,4.635,4.679,4.104,5.296,8.844,7.936,4.006,2.703,2.115,2.359,3.151,4.979,8.48,19.102,20.003,18.741,17.858,16.304,14.06,11.96,9.615,8.127,9.137,6.095
13.0,14.682,9.73,2.859,1.329,2.309,3.407,4.091,4.398,6.202,8.172,9.23,10.728,12.05,14.473,16.794,18.018,19.348,19.877,19.695,17.766,16.324,16.785,14.515,13.77,14.262,14.248,15.696,18.512,19.676,11.025,5.905,3.099,3.405,3.811,4.261,5.168,8.112,8.514,9.597,9.163,8.168,3.266,1.118,2.075,3.94,5.409,5.208,3.994,4.661,4.547,5.097,7.173,6.846,3.465,1.566,3.11,4.252,5.02,5.737,10.864,19.172,20.351,19.154,18.8,17.803,15.545,13.305,11.425,9.161,15.528,8.975,2.571,1.045,1.277,3.575,4.448,4.999,7.007,7.597,8.432,8.897,10.697,13.08,15.06,16.982,18.508,19.746,19.329,17.345,16.897,17.208,14.837,13.774,13.459,13.453,15.567,18.096,19.215,11.41,7.111,3.644,2.633,3.24,3.507,4.931,7.267,8.096,9.533,9.45,8.767,3.971,2.997,3.525,4.319,5.395,5.333,4.697,4.836,4.368,5.445,9.258,8.63,4.41,3.026,2.405,3.113,4.24,5.925,10.143,18.615,19.707,18.468,17.701,15.963,14.154,11.861,9.716,8.48,9.631,5.83
14.0,15.061,10.385,3.683,1.382,2.436,3.492,4.134,4.447,7.938,8.498,9.864,11.257,12.528,14.61,16.576,17.899,19.087,19.655,19.121,17.397,17.469,16.697,15.161,14.887,15.011,14.838,16.663,18.489,19.46,11.333,7.538,3.777,4.203,5.091,5.875,6.293,8.995,9.959,12.422,9.507,9.503,7.89,1.205,2.647,4.003,5.584,5.387,4.227,5.011,4.746,5.258,7.243,7.397,4.265,3.932,5.038,5.898,6.305,7.668,12.238,18.936,20.063,19.031,18.48,17.612,15.523,13.329,11.69,9.607,15.254,10.134,4.153,1.054,2.172,3.732,4.374,5.742,7.848,8.391,8.811,9.274,10.817,13.236,15.521,17.193,18.403,19.47,18.724,17.103,17.603,16.942,15.432,14.902,14.189,14.221,16.343,17.888,19.017,11.383,8.13,4.065,3.396,3.642,4.536,5.914,8.935,11.108,10.839,9.998,10.074,8.283,3.038,3.777,4.325,5.504,5.533,4.875,5.097,4.651,5.62,9.761,9.465,5.565,4.071,4.0,4.59,5.528,7.639,11.168,18.022,19.503,18.425,17.617,15.986,14.454,11.879,9.866,8.783,10.216,5.514
15.0,15.04,10.974,5.827,2.527,2.793,3.664,4.149,4.894,9.326,8.98,10.405,11.725,13.046,14.623,16.233,17.726,18.877,19.366,18.942,17.499,18.259,16.563,15.502,15.171,15.486,15.634,17.01,18.281,19.187,12.247,8.445,4.534,4.999,5.736,6.792,7.506,9.872,12.215,12.949,10.437,11.143,9.691,3.559,2.85,5.331,5.526,5.549,4.637,5.369,5.169,5.399,7.652,7.746,4.781,4.921,5.84,6.855,7.58,10.314,12.664,18.479,19.754,18.908,18.416,17.572,15.652,13.698,12.084,10.439,15.359,11.828,5.118,2.297,2.676,3.894,4.32,6.156,8.982,8.725,9.202,9.856,11.328,13.198,15.296,16.944,18.369,19.114,18.358,17.31,18.104,16.722,15.855,15.321,14.617,15.034,16.817,17.866,18.779,11.933,8.895,4.406,4.045,4.386,5.561,7.793,11.294,13.207,12.312,10.597,11.634,10.11,4.567,3.986,5.59,5.451,5.959,5.227,5.384,5.273,6.713,9.865,9.855,6.027,5.083,4.953,5.667,6.891,9.572,11.747,17.603,19.104,18.27,17.201,15.93,14.37,12.248,10.255,9.069,10.772,5.193
16.0,15.038,11.551,7.426,3.18,3.071,3.709,4.18,6.432,10.38,9.813,10.77,12.353,13.369,14.699,16.222,17.653,18.791,19.064,18.684,17.679,18.533,16.307,15.642,15.146,15.758,16.266,17.45,18.141,18.832,13.628,9.091,5.995,5.886,6.529,7.429,8.862,11.039,13.648,14.385,10.997,13.081,11.476,5.965,4.222,5.779,7.702,5.708,5.016,5.719,5.325,5.817,7.592,7.743,5.474,5.736,6.52,7.333,8.02,12.199,12.843,17.865,19.453,18.677,18.253,17.222,15.782,13.972,12.466,10.954,14.983,12.207,6.461,3.322,3.149,3.87,4.285,6.591,9.74,9.275,9.445,10.418,11.959,13.191,15.209,16.674,18.242,18.747,18.077,17.44,18.349,16.46,15.987,15.53,15.494,16.125,17.151,17.812,18.385,13.426,9.324,5.865,5.013,5.393,6.677,9.414,12.432,14.18,13.492,11.47,13.64,12.112,6.734,5.074,5.928,7.713,6.494,5.51,5.742,5.459,7.474,9.918,9.838,6.736,5.798,6.006,6.764,7.67,11.302,12.247,17.003,18.793,17.948,17.172,15.652,14.38,12.491,10.893,9.536,11.31,4.865
17.0,14.879,12.489,8.574,3.856,3.709,3.828,4.206,8.194,11.109,10.506,11.412,12.602,13.576,14.465,15.903,17.46,18.545,18.985,18.756,17.645,18.841,16.162,15.862,15.641,16.201,16.962,17.991,17.962,18.326,14.389,9.393,7.134,6.873,7.431,8.074,9.826,11.919,14.658,15.583,12.225,14.521,13.277,8.717,6.701,7.944,10.965,5.892,5.368,5.932,5.65,5.994,7.808,7.654,6.451,6.667,7.267,7.927,9.339,13.332,13.006,17.322,19.15,18.344,18.208,16.814,15.743,14.33,12.828,11.508,14.776,13.119,7.602,4.604,3.429,3.881,4.251,7.813,10.496,9.812,10.033,10.948,12.251,13.405,15.085,16.757,18.063,18.441,18.089,17.371,18.402,16.205,16.074,16.261,16.189,16.861,17.652,17.765,17.938,14.278,9.679,7.424,5.483,5.775,7.794,10.488,13.156,14.663,14.478,12.25,15.014,13.859,9.23,6.859,8.599,10.989,7.049,5.665,6.173,5.87,9.06,10.013,9.883,7.631,6.561,6.86,7.32,9.057,12.715,12.669,16.388,18.172,17.664,17.197,15.424,14.372,12.763,11.1,9.938,11.884,4.527
18.0,14.792,12.94,9.157,4.741,4.35,4.015,4.498,9.108,11.802,11.041,11.953,13.009,13.728,14.589,15.962,17.207,18.351,19.042,18.752,17.695,18.821,16.043,16.466,16.368,16.772,17.411,18.099,17.843,17.815,15.207,10.337,8.087,7.593,7.765,8.641,10.461,12.362,14.881,16.309,14.529,15.434,15.248,10.601,7.895,9.728,12.565,6.025,5.56,6.032,5.725,6.542,7.891,7.688,6.766,6.93,7.647,8.445,10.413,14.374,13.498,17.099,18.743,18.068,17.763,16.591,15.762,14.721,13.103,11.736,14.454,13.28,8.496,5.207,4.27,3.938,4.601,8.848,10.988,10.396,10.417,11.406,12.398,13.436,15.122,16.65,17.922,18.457,18.04,17.224,18.602,16.171,16.442,16.897,16.895,17.292,17.918,17.641,17.368,14.707,10.091,8.22,6.487,6.871,8.698,10.844,13.638,15.4,15.686,14.121,15.91,15.991,11.459,8.281,10.359,12.535,8.052,5.848,6.653,6.027,10.084,10.184,9.781,7.964,7.193,7.379,8.197,9.905,13.277,12.992,16.389,17.744,17.438,16.901,15.454,14.251,13.208,11.392,10.216,12.346,4.325
19.0,14.768,13.135,9.505,6.035,4.823,4.674,5.936,9.994,12.346,11.721,12.405,13.066,14.002,14.883,15.99,17.17,18.296,19.076,18.669,18.116,19.107,16.019,17.136,17.415,17.384,17.671,18.082,17.668,17.702,15.201,11.682,8.975,8.295,8.414,9.24,10.863,12.819,15.438,16.984,16.185,16.039,16.049,12.383,10.304,11.291,12.982,7.087,5.758,6.064,5.766,6.882,8.134,7.665,7.447,7.525,8.095,9.257,11.13,14.845,13.946,16.976,18.499,17.81,17.613,16.543,15.648,15.113,13.512,12.179,14.482,13.157,9.541,5.9,4.958,4.015,5.379,9.52,11.555,10.9,11.038,11.772,12.743,13.588,15.166,16.572,17.647,18.405,17.914,17.372,18.702,16.327,17.054,17.922,17.537,17.539,17.986,17.503,17.175,14.745,11.324,9.157,7.669,7.779,9.865,11.594,14.356,15.781,16.479,15.529,16.485,16.662,13.301,11.114,11.865,13.099,8.563,6.193,6.939,6.062,10.288,10.281,9.774,8.626,7.799,8.08,9.413,10.933,13.618,13.565,16.171,17.353,17.234,16.805,15.424,14.305,13.632,11.708,10.737,12.82,4.108
20.0,14.93,13.573,10.28,7.582,5.994,5.545,7.184,10.56,12.874,12.182,12.772,13.304,14.219,15.411,16.203,17.375,18.435,19.116,18.472,18.6,19.113,16.465,17.718,18.562,18.318,17.986,18.093,17.685,17.682,15.776,12.957,9.719,8.926,8.986,10.027,11.26,13.418,16.236,17.681,17.659,16.806,17.123,13.634,11.092,11.488,13.042,8.998,5.841,6.056,5.77,7.059,8.238,7.967,8.312,8.062,8.855,10.717,12.172,15.497,14.609,16.873,18.254,17.714,17.351,16.507,15.759,15.328,14.03,12.554,14.736,13.5,10.8,6.955,5.647,5.264,6.788,10.035,12.068,11.398,11.466,11.814,13.004,13.819,15.106,16.409,17.734,18.483,17.842,17.571,18.722,16.607,17.508,18.758,18.285,17.703,17.897,17.281,16.895,14.976,12.293,9.574,8.447,8.8,10.481,12.255,14.64,16.054,17.094,16.863,16.907,17.582,14.823,12.024,12.574,13.448,10.414,6.725,7.1,6.212,10.28,10.264,9.689,8.995,8.305,8.825,10.803,11.773,14.105,14.137,16.211,17.182,17.027,16.806,15.393,14.36,13.867,12.523,11.195,13.302,3.925
22.0,15.785,13.724,12.125,9.88,7.795,7.193,9.164,11.837,13.86,12.556,13.222,14.088,15.398,16.471,16.695,17.886,18.655,19.11,18.363,18.863,19.051,17.425,18.67,19.989,19.781,18.813,17.938,17.483,17.583,16.117,14.568,11.557,10.297,10.31,10.964,12.303,14.819,17.726,18.89,19.09,18.337,18.204,16.562,13.175,12.446,14.141,11.433,5.986,6.2,6.14,7.316,8.672,8.269,10.563,10.551,11.205,13.569,16.119,16.437,15.482,17.092,17.842,17.653,17.206,16.4,15.852,15.159,14.627,13.262,15.371,14.213,12.776,8.919,6.953,7.068,8.678,11.065,12.842,11.907,12.268,12.751,13.381,14.806,15.275,16.905,18.077,18.726,17.605,18.146,18.518,17.566,18.341,19.569,19.465,18.438,17.606,16.77,16.676,15.247,14.07,11.32,10.277,9.982,11.399,12.925,15.023,17.166,18.097,18.734,18.426,18.771,17.508,14.343,14.061,14.64,12.644,7.308,8.141,8.272,10.458,10.295,9.874,11.647,10.601,11.703,13.528,15.378,15.392,14.944,16.411,17.053,16.875,16.322,15.707,14.869,13.879,13.2,12.067,14.284,3.605
24.0,16.944,14.21,13.272,11.606,10.199,9.686,10.704,14.056,14.979,13.212,14.034,15.297,16.386,17.417,17.901,18.344,18.761,19.076,18.699,18.972,19.44,17.583,19.387,20.992,21.316,19.628,18.103,17.241,17.62,16.379,15.53,13.696,12.471,11.453,11.857,13.009,16.081,18.486,19.722,20.193,19.456,18.543,17.738,15.214,14.029,14.663,12.395,6.03,7.901,6.832,8.832,10.801,9.887,12.213,12.334,13.545,16.221,18.371,18.224,16.107,17.655,17.824,17.812,17.385,16.884,16.043,15.044,14.458,13.782,16.17,14.745,13.505,11.603,8.977,8.974,9.778,12.768,13.813,12.793,13.297,13.83,14.754,15.813,16.483,17.217,18.757,18.648,17.595,18.427,18.942,17.823,18.796,20.24,20.698,19.059,17.423,16.479,16.569,15.326,14.859,13.178,11.612,11.429,12.539,13.75,15.676,17.763,18.82,19.728,19.346,19.196,18.555,16.566,15.793,15.5,13.98,7.554,10.378,10.244,11.749,11.307,10.912,13.454,12.708,13.939,16.282,17.513,17.325,15.66,16.996,16.947,16.841,16.273,15.937,15.006,13.946,13.358,12.783,15.253,3.262
26.0,17.666,15.444,13.906,13.207,12.555,12.012,13.164,15.248,15.772,13.952,14.945,16.143,17.359,18.211,18.316,18.717,18.826,19.232,19.071,19.267,19.871,18.341,19.788,21.79,21.995,20.611,18.695,17.567,17.498,16.852,16.127,15.052,13.789,12.818,12.797,14.034,17.35,18.734,20.033,20.647,20.037,18.778,18.01,16.344,15.346,15.419,13.561,9.892,11.04,8.663,12.636,13.36,11.997,13.437,13.994,16.258,18.617,19.835,19.647,17.072,18.75,18.118,17.923,17.66,17.187,16.259,15.781,14.463,13.959,17.479,15.323,14.321,13.573,11.41,10.356,11.492,14.039,14.654,13.513,14.155,14.888,15.878,17.098,17.156,17.694,19.482,18.478,18.138,18.524,19.411,18.821,19.236,20.699,21.327,20.061,17.739,16.601,16.629,15.624,15.162,14.511,13.262,13.128,13.172,14.459,17.034,18.422,19.439,20.086,19.956,19.39,19.048,17.657,17.11,16.47,15.411,11.458,13.04,13.517,15.457,13.173,12.513,14.581,14.7,16.544,18.236,18.996,18.823,16.54,17.839,17.196,16.949,16.637,16.175,15.765,14.582,13.264,12.945,16.289,2.727
28.0,18.669,16.889,14.483,14.349,13.996,14.223,15.422,16.311,16.301,14.912,15.664,16.724,17.904,18.53,18.839,18.786,18.988,19.951,19.78,20.173,20.359,18.953,20.266,22.248,22.334,20.603,19.303,18.453,17.832,17.138,16.471,15.51,14.719,13.766,13.513,14.659,18.083,19.342,20.1,20.676,20.603,19.396,18.263,17.456,16.639,16.051,14.745,12.432,12.609,13.822,15.44,16.106,13.747,14.973,16.086,18.085,20.409,20.533,20.377,18.413,19.815,18.987,18.003,17.908,17.561,17.153,16.083,15.437,13.982,18.267,16.409,14.656,14.287,13.273,13.007,13.66,14.87,15.204,14.214,15.053,16.009,16.953,17.591,17.757,18.967,19.854,18.973,18.856,19.094,20.007,19.44,19.652,21.17,21.803,20.49,18.423,17.365,17.005,15.859,15.532,14.909,14.324,13.907,14.0,15.17,17.92,18.88,19.93,20.297,20.428,19.669,19.237,18.656,18.107,17.377,16.563,13.952,15.275,16.692,17.362,16.091,14.012,16.041,16.591,18.274,19.895,20.165,19.759,17.674,18.716,17.927,17.231,17.146,16.599,16.217,14.814,14.121,12.913,17.224,2.343
30.0,19.566,18.007,15.147,14.878,14.999,15.547,16.307,16.511,16.658,15.508,16.389,17.199,18.039,18.634,18.794,18.63,20.088,20.639,20.531,20.709,20.826,19.645,20.854,22.347,22.692,21.168,19.972,19.347,18.645,17.391,16.843,15.956,15.388,14.547,14.69,16.303,19.036,20.2,20.563,20.568,20.727,20.073,18.581,18.0,17.44,16.704,15.688,13.536,15.209,17.077,18.322,18.061,16.742,17.151,17.988,19.865,20.953,21.04,21.039,20.311,20.742,20.214,18.141,18.232,17.872,17.557,17.064,15.666,14.954,18.839,17.665,15.255,14.798,14.719,14.504,14.933,15.11,15.63,14.967,15.64,16.79,17.473,17.915,17.989,19.8,19.82,19.58,19.419,19.7,20.524,20.102,20.714,21.609,22.274,20.874,19.019,18.253,17.56,16.055,15.609,15.41,15.103,14.486,14.852,16.072,18.281,19.361,20.104,20.505,20.343,20.078,19.385,19.12,18.921,18.052,17.349,15.288,17.852,18.75,18.614,17.674,16.397,17.574,18.014,19.482,20.377,20.55,20.76,19.115,19.629,19.046,18.054,18.402,16.87,16.746,15.706,14.473,13.995,18.034,2.142
32.0,20.539,19.139,16.741,15.519,15.842,16.252,16.919,16.952,17.025,16.107,16.916,17.465,17.839,18.165,18.44,18.872,20.792,20.904,21.278,21.464,21.343,20.548,21.585,22.367,22.595,21.703,20.666,19.849,19.519,17.553,17.305,16.652,16.021,15.704,15.406,17.663,20.022,20.919,20.75,20.567,20.691,20.519,19.414,18.471,18.237,17.44,16.739,14.641,17.039,19.201,20.07,20.321,18.411,18.993,19.626,20.664,21.036,21.209,21.525,21.365,21.73,21.021,18.782,18.273,18.108,17.966,17.568,16.692,15.468,19.665,18.452,16.211,15.422,15.38,15.191,15.301,15.585,15.869,15.387,16.159,16.948,17.508,17.798,18.152,20.104,20.073,20.137,20.279,20.693,21.132,21.159,21.548,22.039,22.44,21.766,19.832,18.869,18.525,16.406,16.095,15.902,15.693,15.508,15.339,17.178,18.944,20.156,20.374,20.573,20.364,20.337,19.712,19.36,19.298,18.917,18.506,16.815,18.917,19.815,19.561,18.79,18.095,18.902,19.434,20.228,20.502,20.978,21.091,20.376,20.477,19.979,18.693,19.159,17.253,17.103,16.346,15.42,14.562,18.709,2.066
34.0,21.854,20.223,18.074,16.432,16.476,16.812,17.003,17.098,17.24,16.458,17.184,17.553,17.851,17.849,18.131,19.533,21.059,21.473,21.997,22.298,22.116,21.324,21.852,22.492,22.539,22.08,21.306,20.711,20.596,17.932,18.125,17.468,17.02,16.279,16.606,19.042,20.914,21.674,21.201,20.623,20.799,20.754,20.212,19.422,19.241,18.229,18.314,16.185,19.196,20.688,20.932,20.766,19.777,20.379,20.576,21.045,21.285,21.604,21.8,22.132,22.59,21.517,20.059,18.963,18.035,18.185,17.936,17.27,16.218,20.467,19.197,17.409,16.044,15.849,15.978,15.775,15.79,16.042,15.866,16.279,16.799,17.435,17.536,18.641,19.953,20.165,20.715,21.25,21.593,22.126,22.126,22.179,22.355,22.621,22.144,20.618,19.724,19.52,16.916,16.776,16.623,16.269,15.98,16.327,18.61,19.979,20.787,20.895,20.657,20.499,20.334,20.052,19.655,19.626,19.934,19.388,18.952,19.85,20.743,20.458,19.261,19.318,19.959,20.059,20.488,20.672,21.134,21.568,21.39,21.481,20.712,19.168,19.469,18.414,17.276,17.004,16.219,15.355,19.341,2.037
36.0,22.793,21.342,19.561,17.425,17.024,17.264,17.224,17.378,17.508,17.064,17.49,17.749,17.843,17.974,18.548,20.442,21.248,21.712,22.591,22.957,22.923,22.146,22.429,22.515,22.471,22.444,22.12,21.345,21.044,18.527,19.044,18.938,18.325,17.482,18.208,20.46,21.976,22.096,21.476,20.983,20.888,20.769,20.768,20.337,20.003,19.35,19.456,18.142,20.628,21.417,21.638,21.384,21.035,20.933,21.18,21.238,21.412,21.745,22.109,22.935,23.245,22.291,20.58,20.166,18.138,17.979,17.929,17.547,16.758,21.614,19.832,18.325,16.688,16.288,16.445,15.98,15.992,16.248,16.145,16.547,16.869,17.004,17.444,19.432,20.192,20.478,21.539,22.037,22.534,22.96,22.998,22.848,22.746,22.688,22.446,21.658,20.467,20.046,17.311,17.492,17.433,16.88,16.615,17.313,19.481,21.152,21.458,21.243,20.796,20.782,20.379,20.365,20.067,20.045,20.126,20.051,19.831,20.566,21.278,21.111,19.936,19.89,20.573,20.625,20.583,20.872,21.27,21.631,22.03,22.348,21.448,19.967,19.465,18.915,17.413,17.153,16.678,16.038,19.907,2.052
38.0,23.622,22.585,20.616,18.673,17.856,17.519,17.44,17.491,17.549,17.258,17.555,17.668,17.802,18.466,19.355,20.941,21.428,22.343,23.12,23.596,23.453,22.84,22.893,22.716,22.524,22.662,22.638,21.985,21.731,19.607,20.419,20.639,20.045,19.352,20.119,21.72,22.749,22.486,22.052,21.471,20.808,20.88,20.776,20.558,20.551,20.101,20.151,19.784,21.405,21.842,21.95,21.591,21.441,21.274,21.331,21.19,21.569,21.841,22.534,23.34,23.681,22.856,21.135,20.608,18.565,17.856,17.925,17.659,17.162,22.467,21.142,19.091,17.357,16.921,16.758,16.46,16.338,16.396,16.368,16.665,16.864,17.134,18.014,19.702,20.241,21.272,22.367,22.698,23.32,23.718,23.76,23.322,23.01,22.566,22.707,22.318,21.212,20.956,18.498,18.655,18.279,17.966,17.464,18.981,20.454,21.674,21.916,21.751,21.015,20.88,20.526,20.499,20.351,20.317,20.401,20.443,20.46,21.144,21.697,21.44,20.535,20.258,20.819,20.705,20.785,21.068,21.362,21.781,22.33,23.068,22.336,20.402,19.841,19.202,18.275,17.232,16.982,16.294,20.424,2.051
40.0,25.031,25.031,25.031,25.031,25.031,25.031,25.031,25.031,25.031,25.031,25.031,25.031,25.031,25.031,25.031,25.031,25.031,25.031,25.031,25.031,25.031,25.031,25.031,25.031,25.031,25.031,25.031,25.031,25.031,25.031,25.031,25.031,25.031,25.031,25.031,25.031,25.031,25.031,25.031,25.031,25.031,25.031,25.031,25.031,25.031,25.031,25.031,25.031,25.031,25.031,25.031,25.031,25.031,25.031,25.031,25.031,25.031,25.031,25.031,25.031,25.031,25.031,25.031,25.031,25.031,25.031,25.031,25.031,25.031,25.031,25.031,25.031,25.031,25.031,25.031,25.031,25.031,25.031,25.031,25.031,25.031,25.031,25.031,25.031,25.031,25.031,25.031,25.031,25.031,25.031,25.031,25.031,25.031,25.031,25.031,25.031,25.031,25.031,25.031,25.031,25.031,25.031,25.031,25.031,25.031,25.031,25.031,25.031,25.031,25.031,25.031,25.031,25.031,25.031,25.031,25.031,25.031,25.031,25.031,25.031,25.031,25.031,25.031,25.031,25.031,25.031,25.031,25.031,25.031,25.031,25.031,25.031,25.031,25.031,25.031,25.031,25.031,25.031,25.031,0.0
mean,13.944,10.741,8.092,6.787,6.539,6.875,7.821,9.126,9.88,9.697,10.803,11.435,12.844,13.523,14.272,15.045,16.091,17.807,18.866,16.891,15.954,14.813,13.78,14.47,14.778,14.381,15.069,16.064,17.245,11.594,9.467,7.983,7.674,7.63,8.037,9.289,10.927,11.817,12.392,11.98,11.3,10.397,8.926,8.354,8.957,9.994,8.609,7.088,8.126,8.225,8.785,9.366,9.031,8.153,7.929,8.477,9.314,10.062,11.141,12.047,18.053,18.86,16.511,15.659,15.059,14.575,12.821,11.687,10.8,13.465,10.486,7.925,6.63,6.142,6.429,7.568,9.092,9.647,9.145,9.557,10.389,11.871,12.446,13.199,14.189,15.348,17.504,18.48,16.621,15.753,16.337,14.209,14.272,14.57,14.209,14.309,15.55,16.828,11.547,9.335,7.681,7.098,7.205,7.918,9.321,10.923,11.592,12.0,11.912,11.42,10.882,9.862,9.483,9.794,10.268,9.196,8.124,8.678,8.398,9.503,9.943,9.685,8.788,8.228,8.495,9.133,9.865,10.934,11.696,17.88,18.223,16.62,14.213,13.919,13.665,11.456,10.312,9.853
std dev,6.603,7.372,7.364,7.068,6.924,6.724,6.445,6.255,6.519,6.024,5.654,6.021,5.311,5.844,6.251,6.588,6.965,5.579,5.345,6.413,6.586,6.781,7.672,7.547,7.305,7.388,6.444,5.882,5.236,6.786,7.216,7.367,7.097,6.777,6.785,6.992,7.426,7.984,8.078,8.012,8.567,8.864,8.59,7.976,7.344,6.618,6.604,6.288,6.593,6.996,7.116,7.044,6.668,7.541,7.988,8.259,8.466,8.501,8.432,7.388,5.599,5.326,5.967,6.529,5.803,4.895,5.825,5.597,5.231,6.869,7.286,7.211,6.962,6.793,6.53,5.91,5.554,5.942,5.987,6.057,5.867,5.165,5.744,6.421,6.855,7.214,5.516,5.323,6.268,6.675,5.597,7.401,7.544,7.221,7.277,6.828,5.935,5.055,6.155,6.689,7.07,6.95,6.721,6.78,6.938,7.327,7.898,7.941,7.844,8.496,8.576,8.175,7.544,7.298,7.024,7.039,6.506,6.925,7.489,7.23,6.647,6.418,7.343,7.701,8.05,8.264,8.238,7.991,7.065,5.433,5.263,5.052,6.865,5.935,4.804,5.827,5.659,5.166
