gGSP
5.491
