gGSP
75.11
