gGSP
43.596
