gGSP
20.5
