,"""A1""","""A2""","""A3""","""A4""","""A5""","""A6""","""A7""","""A8""","""A9""","""A10""","""A11""","""A12""","""A13""","""A14""","""A15""","""A16""","""A17""","""A18""","""A19""","""A20""","""A21""","""A22""","""A23""","""A24""","""A25""","""A26""","""A27""","""A28""","""A29""","""A30""","""A31""","""A32""","""A33""","""A34""","""A35""","""A36""","""A37""","""A38""","""A39""","""A40""","""A41""","""A42""","""A43""","""A44""","""A45""","""A46""","""A47""","""A48""","""A49""","""A50""","""A51""","""A52""","""A53""","""A54""","""A55""","""A56""","""A57""","""A58""","""A59""","""A60""","""A61""","""A62""","""A63""","""A64""","""A65""","""A66""","""A67""","""A68""","""A69""","""A70""","""A71""","""A72""","""A73""","""A74""","""A75""","""B76""","""B77""","""B78""","""B79""","""B80""","""B81""","""B82""","""B83""","""B84""","""B85""","""B86""","""B87""","""B88""","""B89""","""B90""","""B91""","""B92""","""B93""","""B94""","""B95""","""B96""","""B97""","""B98""","""B99""","""B100""","""B101""","""B102""","""B103""","""B104""","""B105""","""B106""","""B107""","""B108""","""B109""","""B110""","""B111""","""B112""","""B113""","""B114""","""B115""","""B116""","""B117""","""B118""","""B119""","""B120""","""B121""","""B122""","""B123""","""B124""","""B125""","""B126""","""B127""","""B128""","""B129""","""B130""","""B131""","""B132""","""B133""","""B134""","""B135""","""B136""","""B137""","""B138""","""B139""","""B140""","""B141""","""B142""","""B143""","""B144""","""B145""","""B146""","""B147""","""B148""","""B149""","""B150""","""B151""","""B152""","""B153""","""B154""","""B155""","""B156""","""B157""","""B158""","""B159""","""B160""","""B161""","""B162""","""B163""","""B164""","""B165""","""B166""","""B167""","""B168""","""B169""","""B170""","""B171""","""B172""","""B173""","""B174""","""B175""","""B176""","""B177""","""B178""","""B179""","""B180""","""B181""","""B182""","""B183""","""B184""","""B185""","""B186""","""B187""","""B188""","""B189""","""B190""","""B191""","""B192""","""B193""","""B194""","""B195""","""B196""","""B197""","""B198""","""B199""","""B200""","""B201""","""B202""","""B203""","""B204""","""B205""","""B206""","""B207""","""B208""","""B209""","""B210""","""B211""","""B212""","""B213""","""B214""","""B215""","""B216""","""B217""","""B218""","""B219""","""B220""","""B221""","""B222""","""B223""","""B224""","""B225""","""B226""","""B227""","""B228""","""B229""","""B230"""
radius,G,C,G,G,A,A,G,U,A,G,U,U,C,A,G,U,G,G,U,A,G,A,A,C,A,C,C,A,C,C,U,U,G,C,C,A,A,G,G,U,G,G,G,G,G,U,C,G,C,G,G,G,U,U,C,G,A,A,U,C,C,C,G,U,C,U,U,C,C,G,C,U,C,C,A,G,U,U,G,C,A,G,U,G,A,G,A,G,A,A,A,G,A,A,G,U,A,C,U,U,G,C,G,U,U,A,C,C,U,C,A,U,G,A,A,A,G,C,G,A,C,C,U,U,A,G,G,G,C,G,G,U,G,U,A,A,G,C,U,A,A,G,G,A,U,G,A,G,A,C,G,C,A,A,C,G,A,A,A,G,G,C,A,U,U,C,U,U,G,A,G,C,A,A,U,A,A,A,A,A,A,G,A,G,G,C,U,G,G,G,A,U,C,U,C,A,G,C,A,A,C,U,A,G,G,G,U,G,G,A,A,C,C,G,C,G,G,G,A,U,C,U,C,G,U,C,C,C,U,A,mean,std dev
2.0,0.134,0.209,0.205,0.087,0.053,0.02,0.059,0.085,0.056,0.018,0.046,0.066,0.023,0.067,0.034,0.07,0.249,0.148,0.047,0.009,0.046,0.048,0.032,0.104,0.112,0.059,0.097,0.137,0.041,0.017,0.084,0.082,0.031,0.02,0.02,0.1,0.029,0.054,0.097,0.071,0.038,0.039,0.05,0.063,0.046,0.029,0.027,0.031,0.023,0.046,0.025,0.054,0.113,0.09,0.017,0.177,0.218,0.019,0.022,0.016,0.017,0.015,0.023,0.016,0.019,0.021,0.022,0.027,0.048,0.008,0.022,0.029,0.047,0.016,1.105,0.017,0.07,0.018,0.135,0.026,0.056,0.065,0.028,0.015,0.012,0.101,0.114,0.119,0.457,0.075,0.052,0.061,0.099,0.156,0.228,0.035,0.066,0.084,0.035,0.065,0.018,0.024,0.029,0.024,0.024,0.04,0.009,0.024,0.024,0.058,0.024,0.035,0.15,0.324,0.092,0.543,0.032,0.047,0.055,0.043,0.017,0.025,0.028,0.016,0.041,0.027,0.05,0.012,0.017,0.117,0.032,0.569,0.064,0.113,0.103,0.089,0.035,0.068,0.026,0.011,0.033,0.024,0.075,0.121,0.013,0.026,0.021,0.02,0.014,0.046,0.052,0.021,0.047,0.03,0.034,0.03,0.163,0.175,0.212,0.033,0.021,0.025,0.052,0.263,0.091,0.02,0.106,0.045,0.054,0.018,0.019,0.113,0.075,0.029,0.019,0.018,0.169,0.1,0.096,0.038,0.119,0.05,0.075,0.03,0.09,0.048,0.064,0.033,0.013,0.021,0.034,0.045,0.031,0.035,0.045,0.037,0.019,0.067,0.022,0.011,0.018,0.027,0.03,0.035,0.018,0.072,0.054,0.019,0.016,0.041,0.014,0.029,0.034,0.067,0.012,0.017,0.019,0.023,0.043,0.028,0.078,0.037,0.015,0.086,0.06,0.04,0.051,0.02,0.014,0.538,0.069,0.105
3.0,0.224,0.206,0.254,0.15,0.154,0.627,0.899,0.255,1.159,0.224,0.193,0.11,0.092,0.182,0.166,1.289,0.672,1.433,0.861,0.829,0.088,0.12,0.093,0.649,0.572,0.086,0.175,0.181,0.055,0.494,0.197,0.605,0.206,0.06,0.41,0.206,0.263,0.349,0.209,0.386,0.227,0.22,0.223,0.403,1.122,0.878,1.015,0.244,0.254,0.098,0.057,0.057,0.159,0.125,0.287,0.376,0.887,0.23,0.523,0.111,0.06,0.104,0.073,0.077,0.13,0.055,0.044,0.11,0.102,0.144,0.186,0.262,0.209,0.063,1.243,0.265,0.497,0.2,0.165,0.196,0.715,1.26,0.88,0.876,0.151,0.172,0.178,0.403,0.785,0.475,1.01,0.859,0.201,0.649,1.0,0.316,0.227,0.177,0.098,0.168,0.043,0.159,0.061,0.215,0.973,0.849,0.214,0.156,0.306,0.279,0.162,0.957,0.775,0.862,0.773,0.803,0.135,0.201,0.107,0.992,0.112,0.043,0.139,0.114,0.098,0.177,0.197,0.073,0.032,0.11,0.13,0.713,0.126,0.693,0.558,0.679,1.181,0.262,0.202,0.073,0.122,0.125,0.393,0.387,0.077,0.155,0.119,0.828,0.077,0.163,0.059,0.238,0.068,0.08,0.051,0.143,0.262,0.715,0.571,0.162,0.083,0.045,0.12,0.833,0.193,0.087,0.108,0.169,0.906,0.817,0.097,0.145,0.184,0.05,0.134,1.027,0.267,0.169,1.223,0.55,0.963,0.88,1.148,1.147,0.227,0.696,0.094,0.137,0.164,0.19,0.094,0.136,0.128,0.156,0.262,0.181,0.182,0.403,0.053,0.075,0.193,0.354,0.095,0.205,0.075,0.133,0.058,0.057,0.091,0.916,1.001,0.842,0.297,0.091,0.055,0.045,0.074,0.083,0.382,0.131,0.124,0.106,0.171,0.144,0.123,0.112,0.167,0.327,0.111,0.712,0.343,0.333
4.0,21.8,0.609,0.279,0.299,0.432,2.803,1.964,5.698,1.102,0.34,0.327,0.201,0.122,0.367,0.441,6.068,0.903,16.08,0.796,5.286,0.135,0.201,0.175,0.726,1.016,3.481,0.48,0.307,0.082,0.86,0.271,0.761,0.381,0.185,28.408,29.305,0.531,0.913,0.413,0.389,0.561,0.304,0.32,0.762,3.966,0.823,8.43,0.366,0.452,0.246,0.173,0.271,0.41,0.144,20.013,7.344,1.454,11.634,0.956,1.985,0.105,0.161,0.127,0.376,9.448,0.463,0.087,0.215,0.13,0.389,0.213,0.328,5.938,4.795,5.151,0.391,0.622,0.373,0.214,0.232,0.917,2.976,0.813,0.823,0.472,0.681,0.26,0.571,1.105,0.599,1.412,1.264,27.398,3.79,2.506,0.396,1.637,0.751,0.217,0.182,0.101,0.227,0.29,2.216,0.865,1.231,0.244,0.6,0.338,0.37,0.296,6.101,1.368,0.934,3.019,7.776,10.185,20.523,5.368,1.013,9.248,0.102,0.229,0.133,0.171,0.508,0.4,0.424,0.155,0.132,0.452,10.259,2.959,0.789,0.698,7.267,4.925,0.318,0.29,0.209,0.226,0.159,0.581,0.479,0.167,0.356,0.244,1.025,1.772,0.254,0.19,0.319,0.105,0.465,0.193,1.706,0.342,1.076,0.949,0.232,0.418,0.461,0.17,3.354,0.459,0.103,0.136,0.211,2.208,2.788,1.54,0.223,0.314,0.324,0.247,2.397,0.355,0.961,3.691,2.703,1.311,0.818,8.086,1.301,13.421,20.673,0.145,0.349,0.267,0.529,0.141,0.241,0.146,0.464,0.626,0.258,0.613,0.453,1.683,3.028,0.217,0.385,0.142,0.284,0.134,0.195,0.103,0.242,0.17,0.867,1.508,0.809,7.465,0.268,10.297,0.091,13.617,0.242,0.529,0.298,0.165,6.642,16.754,0.192,0.319,0.169,0.222,0.396,0.809,0.913,2.303,4.823
5.0,25.473,2.283,13.35,0.404,2.376,4.158,5.435,9.83,10.155,1.074,0.432,0.567,2.666,0.886,6.456,7.268,13.124,27.902,1.149,7.036,1.424,0.358,0.602,1.9,3.459,4.027,0.598,0.42,0.456,1.115,1.203,2.642,0.661,22.334,29.996,37.953,0.757,0.951,0.524,0.659,0.717,1.111,0.794,0.941,7.221,1.502,12.531,9.311,0.518,5.88,0.248,0.355,0.819,8.891,23.579,11.746,5.543,12.942,1.249,2.886,4.497,4.796,4.904,0.414,12.109,9.24,0.482,0.391,10.945,11.724,0.54,22.504,7.342,5.128,14.358,1.702,1.097,0.632,0.371,0.77,2.257,3.62,1.191,3.534,4.079,0.913,0.892,2.268,2.658,1.718,2.021,2.015,31.844,4.397,3.932,4.048,1.803,0.748,0.428,0.394,0.338,0.404,0.725,2.943,3.904,1.439,0.927,0.838,0.585,0.495,0.602,8.785,1.457,3.335,4.479,6.907,13.084,33.003,7.992,8.097,10.746,0.547,0.374,0.416,0.588,0.671,0.488,0.461,0.264,14.421,0.704,13.294,5.843,1.641,3.879,8.559,19.861,0.55,0.549,0.449,0.437,0.501,1.988,3.046,0.557,0.434,0.596,1.443,2.278,0.318,0.455,0.36,0.579,0.537,0.962,3.373,1.519,1.628,6.602,0.83,0.463,21.232,32.447,3.856,0.648,0.818,0.295,0.686,2.874,3.916,3.972,4.66,0.52,0.741,1.073,3.96,0.794,0.934,4.302,3.865,6.298,10.908,12.636,8.561,24.681,32.817,0.37,0.586,0.723,0.601,0.492,4.041,0.732,0.579,0.705,0.652,1.146,16.446,2.922,3.278,0.52,0.434,1.044,0.604,0.464,0.337,4.436,8.048,2.886,17.646,9.965,7.148,10.908,0.389,15.612,19.385,17.14,7.961,0.623,0.545,0.536,6.928,23.345,23.067,32.534,32.52,16.5,21.51,0.959,16.01,5.591,7.885
6.0,29.319,19.575,17.207,8.918,8.08,4.425,10.87,10.152,10.115,1.698,0.492,0.826,3.018,2.242,8.011,11.763,13.798,32.583,19.361,7.993,4.429,0.826,0.756,1.989,4.059,4.217,0.701,0.496,0.585,1.184,1.417,32.44,0.834,32.6,37.223,45.255,0.798,1.002,0.476,0.697,0.738,1.281,1.03,8.218,8.682,4.432,12.802,11.447,7.142,8.021,4.167,5.007,3.924,9.179,24.707,12.284,7.396,12.784,9.755,5.037,7.019,7.518,6.361,10.058,14.556,13.237,6.678,14.468,18.356,15.538,20.073,23.794,8.525,6.551,19.702,2.436,1.932,0.944,0.456,0.949,3.817,4.036,2.613,4.555,6.086,3.421,1.41,2.929,3.246,2.427,2.035,28.099,41.034,5.223,4.489,4.577,1.747,0.84,0.558,0.384,0.401,0.504,0.812,3.255,4.226,2.916,1.03,0.959,0.639,0.613,0.751,9.918,1.588,4.14,4.788,8.871,13.503,33.302,13.844,8.104,10.437,0.615,0.421,0.526,0.879,0.714,0.542,0.475,1.759,22.562,0.869,13.396,9.421,2.414,6.394,9.274,28.697,12.39,0.679,0.479,0.509,0.538,3.127,3.354,0.578,0.773,0.863,1.791,2.419,1.782,0.54,0.501,0.613,0.564,1.19,3.795,2.222,2.225,7.815,0.811,17.58,32.014,33.826,4.322,1.851,1.724,1.492,2.295,3.715,4.504,4.407,6.329,0.736,0.823,2.829,4.394,1.714,14.643,13.409,3.915,23.186,13.819,20.058,9.791,28.503,34.68,0.683,0.713,0.942,0.872,0.767,4.65,3.426,0.892,0.871,0.932,1.195,13.169,4.058,3.945,0.76,19.978,1.198,0.702,11.041,12.902,5.999,8.361,3.912,22.722,11.733,9.449,11.186,15.161,19.376,21.372,17.225,11.28,0.666,3.9,4.505,8.88,23.528,29.016,36.568,34.48,32.066,33.401,16.783,24.469,8.359,9.698
7.0,31.69,24.52,19.22,13.15,11.461,10.591,13.908,10.467,9.393,4.521,0.566,0.86,3.453,2.938,8.838,12.174,14.342,36.352,29.325,8.544,5.944,0.966,0.929,2.001,4.809,4.524,0.856,0.535,0.602,1.189,2.001,37.101,22.889,37.238,48.852,49.062,27.763,1.025,0.578,0.744,0.813,1.4,1.228,9.009,9.501,8.636,12.65,13.016,8.762,8.458,5.964,6.589,5.108,9.384,25.631,19.814,8.172,12.826,12.034,8.876,7.919,8.631,7.482,11.685,16.223,15.243,13.12,17.826,21.019,18.716,25.766,27.59,9.303,10.987,22.206,2.813,2.071,0.98,0.464,1.029,5.827,4.216,3.468,5.137,8.057,6.422,2.338,3.767,3.509,2.413,1.923,31.389,45.737,15.819,5.523,4.964,2.271,1.521,0.65,0.404,0.404,0.569,0.817,3.554,3.942,3.278,1.83,1.709,1.192,0.707,1.062,10.376,2.259,4.516,5.058,12.151,13.366,34.925,21.057,9.069,10.499,0.607,0.479,0.58,0.847,0.84,0.57,6.876,12.256,22.632,1.029,14.045,11.412,3.137,7.061,10.15,30.474,20.47,0.753,0.544,0.523,0.554,3.562,4.134,0.604,1.225,1.338,2.39,2.624,2.022,0.55,0.55,0.591,0.569,1.369,3.913,5.321,4.276,7.606,4.66,26.135,42.213,36.765,4.444,1.934,2.205,2.578,2.699,4.103,4.784,5.824,8.153,0.748,1.014,3.634,4.56,2.948,24.356,21.799,17.783,24.365,13.757,27.107,16.409,29.438,35.477,0.781,0.736,0.944,1.018,0.84,4.832,3.033,0.984,0.934,1.086,2.66,22.503,4.454,21.833,11.463,21.903,27.288,10.34,15.175,18.139,13.357,8.543,8.047,25.198,11.379,11.239,11.527,16.296,21.869,23.048,18.587,12.961,0.935,4.845,7.016,9.954,26.562,32.107,37.86,36.293,36.448,34.642,25.831,30.398,10.595,11.111
8.0,32.369,31.918,24.574,22.781,17.412,15.211,16.833,10.822,8.84,6.418,1.599,0.944,3.761,3.29,9.668,12.752,14.35,36.513,30.06,9.842,6.373,1.484,1.123,2.209,5.264,5.485,0.932,0.666,0.667,1.227,39.866,39.212,38.215,48.374,54.184,54.968,47.319,1.133,21.84,16.579,0.877,1.572,2.387,9.356,9.653,10.346,12.555,16.33,13.118,10.367,9.143,8.372,8.193,9.621,26.394,22.178,9.397,12.869,13.658,10.307,9.132,9.828,9.953,13.924,17.781,19.638,19.067,21.151,24.75,24.859,32.21,32.451,13.109,13.025,25.357,2.917,3.085,1.096,0.874,5.764,6.733,4.464,4.415,5.824,8.301,7.997,2.844,4.092,3.968,2.572,2.201,38.056,50.455,27.579,6.303,21.631,13.349,1.985,0.77,0.455,0.451,0.597,1.412,3.772,3.741,3.797,2.103,16.209,11.89,0.794,1.177,10.267,2.41,5.266,5.34,13.32,13.96,35.141,26.075,9.771,10.609,4.236,0.559,0.702,0.847,0.854,0.665,6.203,16.631,23.438,8.645,14.752,12.924,4.186,7.881,10.445,32.227,24.6,0.825,0.642,0.572,0.625,4.384,5.018,0.878,1.761,1.78,2.58,11.115,2.766,0.561,0.565,0.6,0.777,2.718,3.878,6.031,5.672,22.31,39.754,42.547,51.522,47.568,24.733,2.173,3.072,3.145,3.147,4.322,5.117,6.675,8.647,0.788,1.063,3.747,4.976,3.079,33.374,32.157,22.553,25.156,14.721,28.171,18.971,29.599,35.876,12.051,0.736,0.957,1.077,1.234,4.525,3.195,1.054,0.95,1.065,3.391,28.54,4.535,26.596,10.536,25.284,28.661,17.36,18.677,20.698,18.491,9.548,10.63,26.697,11.902,13.295,12.618,18.612,24.182,24.305,20.909,17.815,7.203,6.374,8.239,16.532,27.344,33.744,37.015,35.956,38.251,37.274,32.109,35.519,13.409,12.928
9.0,33.872,34.427,29.747,25.506,21.813,19.544,19.337,11.147,8.759,7.533,2.62,3.09,3.731,3.628,11.174,13.028,14.677,35.694,30.098,11.217,7.808,1.758,1.606,3.285,5.878,5.611,3.093,0.825,0.77,1.698,47.766,44.068,50.915,50.975,55.747,55.192,51.465,32.287,35.978,26.216,10.765,1.714,5.404,9.196,9.981,11.017,12.629,17.567,14.621,11.726,10.465,9.402,9.549,9.925,26.92,24.074,11.705,12.764,13.958,10.849,9.407,10.263,11.726,14.525,18.231,20.743,21.249,23.054,26.226,28.985,34.618,33.384,24.0,15.33,27.226,3.313,3.545,1.18,1.049,6.32,6.918,5.112,5.201,6.069,8.408,8.851,3.548,4.981,5.018,3.528,4.464,42.084,53.113,34.613,6.549,28.565,27.116,2.257,1.199,0.681,0.635,0.796,1.589,3.752,3.521,3.738,3.18,26.451,17.437,0.931,6.109,9.86,8.776,5.482,6.814,13.802,13.922,34.511,28.161,12.028,11.134,6.822,0.676,0.777,0.917,0.902,0.997,15.356,16.735,23.66,15.845,14.739,13.419,6.682,7.893,10.616,32.501,25.601,0.878,0.849,0.655,0.869,4.647,6.825,4.671,1.979,1.803,2.673,20.823,3.053,1.104,0.809,0.72,1.247,3.262,3.866,6.715,7.578,39.761,51.274,52.968,52.773,47.43,33.415,3.134,3.878,3.343,3.932,4.912,6.222,7.406,8.614,2.572,1.254,3.861,4.919,3.256,36.853,33.731,24.831,25.528,17.541,28.821,19.612,30.141,37.259,24.537,0.891,1.015,1.18,1.557,4.486,3.512,1.14,1.01,2.846,3.95,30.994,6.848,29.704,23.479,27.342,31.898,26.687,24.69,26.356,20.929,16.003,14.162,27.643,11.247,13.22,13.967,20.764,26.293,27.182,25.78,21.12,7.591,7.306,9.164,21.331,28.501,33.762,35.631,35.818,37.851,38.298,33.757,36.449,15.519,14.031
10.0,32.628,34.686,30.311,25.839,22.234,20.322,19.518,11.703,8.617,7.66,3.879,3.558,5.511,7.083,11.316,13.43,22.788,34.543,29.89,12.063,9.748,2.03,2.207,4.561,6.651,6.038,3.682,0.976,0.869,1.693,49.333,46.079,53.421,54.226,55.834,55.804,53.954,40.197,39.409,31.291,9.555,2.8,7.093,8.897,10.417,11.537,12.683,17.753,14.889,12.299,10.732,9.744,10.692,16.758,27.69,26.343,14.062,13.233,14.076,11.437,10.156,10.357,12.222,15.249,18.407,20.785,22.475,23.588,26.155,30.435,34.393,32.809,26.292,18.939,27.545,3.711,3.764,1.174,1.184,6.386,7.194,5.721,5.844,6.74,8.722,9.021,4.908,6.347,5.344,4.31,12.92,42.729,54.042,37.806,6.383,34.986,38.091,2.488,1.74,0.817,0.731,0.896,2.198,3.641,3.369,3.845,3.46,31.631,21.55,0.985,7.833,10.225,9.654,5.452,8.941,13.745,15.044,34.861,27.552,12.868,11.256,7.848,0.974,0.802,0.924,0.922,1.29,19.353,19.095,23.755,18.107,14.545,13.771,8.526,8.363,13.666,32.088,25.969,0.928,0.913,0.695,1.691,4.705,7.538,5.944,2.042,2.077,2.896,28.16,3.177,1.57,0.916,0.775,1.479,3.339,3.861,6.802,8.563,42.456,53.776,54.735,53.197,47.589,31.77,4.52,4.104,3.873,4.148,5.355,6.871,7.898,8.842,5.032,1.247,4.002,5.082,3.406,37.351,33.595,28.906,25.479,20.079,28.508,19.852,30.926,36.616,31.609,0.988,1.082,1.225,1.887,4.526,3.989,1.218,1.112,3.367,3.897,32.56,11.303,29.617,26.205,32.297,32.073,30.613,26.895,27.727,23.34,18.093,15.687,27.663,11.071,13.488,15.581,22.704,26.996,28.336,26.614,22.725,8.698,8.509,9.762,21.586,28.876,34.432,35.66,34.872,37.107,37.649,35.902,36.713,16.538,14.424
11.0,31.599,34.512,30.73,26.984,23.596,22.007,20.412,12.063,9.119,8.066,4.761,4.402,6.936,8.291,12.14,13.625,24.304,33.178,29.561,14.792,10.43,4.72,3.24,5.941,6.991,6.54,3.765,1.039,1.179,20.473,50.333,49.97,54.092,55.292,55.872,56.711,55.821,47.507,41.789,32.977,24.612,3.166,7.893,8.726,11.559,12.405,12.774,17.781,15.172,12.754,11.615,10.351,11.079,17.874,27.959,29.265,15.256,13.328,14.404,12.097,9.952,10.715,12.799,15.558,18.389,20.711,22.454,23.956,26.81,30.954,34.349,32.321,25.969,20.872,27.622,4.27,3.778,1.561,1.348,7.219,7.631,6.055,6.097,7.481,9.285,9.444,6.782,7.441,6.241,5.011,19.563,43.983,53.97,40.699,6.028,42.899,41.65,2.764,1.962,0.873,0.824,0.995,2.489,3.606,3.307,3.984,12.972,31.02,27.029,1.472,8.482,10.373,11.594,6.629,10.954,13.766,17.517,33.708,28.456,13.541,11.288,8.942,2.14,0.872,0.953,1.103,1.619,21.675,19.624,24.262,19.856,14.646,13.737,10.329,9.89,17.355,31.234,25.652,1.11,0.92,0.772,2.256,5.354,8.268,6.641,2.2,2.217,3.008,29.708,8.316,2.165,0.944,0.929,2.657,3.343,5.015,6.67,8.643,47.359,56.17,54.248,53.057,48.33,33.114,4.93,4.782,4.221,4.383,5.941,7.391,8.244,8.846,6.361,1.656,4.299,5.156,3.629,37.589,33.544,29.44,26.013,21.548,29.339,19.819,30.884,35.75,32.797,1.13,1.175,1.282,2.402,4.631,4.115,1.354,1.269,3.352,3.751,33.45,13.807,30.578,29.213,34.0,32.772,31.955,29.285,28.62,23.864,19.496,20.205,27.998,18.368,15.042,17.291,24.08,27.593,29.008,27.538,23.305,10.72,8.805,10.135,23.746,29.529,34.127,35.189,34.922,36.13,37.366,37.174,35.766,17.551,14.596
12.0,30.858,34.405,32.26,27.783,24.685,22.945,20.69,12.151,9.488,8.263,5.895,5.771,7.982,9.225,12.728,13.775,24.747,32.255,29.518,17.937,10.876,5.578,6.368,7.122,7.637,7.112,4.418,1.284,1.45,28.621,50.588,52.882,54.025,56.05,56.216,56.868,56.219,51.22,42.614,37.634,31.487,5.109,7.745,8.564,12.041,13.167,13.111,18.112,15.767,14.002,12.249,10.846,11.073,20.558,28.074,29.154,16.075,13.777,14.915,12.382,10.402,11.328,13.392,16.172,18.678,21.2,23.57,25.226,27.478,31.709,33.948,32.475,28.425,26.443,27.249,4.404,4.177,2.786,1.419,7.293,8.051,6.542,6.216,7.862,9.736,9.359,8.631,8.107,8.113,11.537,26.024,45.402,53.697,42.91,10.312,47.578,42.992,9.208,2.146,1.317,1.063,1.059,2.731,3.543,3.348,4.028,26.456,32.327,29.15,4.189,9.083,10.364,12.449,9.296,12.445,13.795,20.201,32.898,29.654,14.811,11.388,9.589,3.962,1.043,0.978,1.381,11.917,22.168,20.991,24.793,23.229,17.141,13.613,11.817,11.386,21.296,30.325,26.406,9.285,0.953,0.855,3.012,6.38,8.412,7.196,4.173,2.351,7.591,29.663,19.937,2.461,0.943,1.371,2.916,3.368,5.256,6.55,21.529,49.18,55.75,54.025,52.918,48.736,36.871,5.287,5.061,4.408,4.875,6.601,7.591,8.968,8.938,7.043,2.508,4.401,5.074,12.775,37.19,34.403,29.343,27.567,23.133,29.968,20.418,31.06,34.417,34.525,1.274,1.283,1.387,2.793,4.494,3.907,2.304,1.401,3.326,7.955,33.644,16.033,30.522,30.113,35.41,34.258,32.488,30.796,30.332,25.618,21.426,23.653,27.925,21.451,19.964,18.913,25.09,28.807,29.825,28.652,24.431,12.511,9.397,12.293,24.216,29.685,33.825,34.164,34.637,35.563,37.218,37.471,35.765,18.781,14.541
13.0,30.256,33.731,32.475,28.603,25.387,23.325,20.911,12.604,10.046,8.236,7.16,6.435,8.781,10.667,13.261,14.212,26.083,31.504,30.113,19.891,12.31,6.544,7.631,7.646,8.095,7.563,4.739,2.26,7.951,33.445,51.286,54.275,53.833,55.785,56.355,56.216,55.241,52.318,44.048,40.316,34.504,9.328,7.812,8.614,12.4,15.26,13.402,18.327,15.967,14.774,13.117,11.648,11.479,23.059,28.275,29.006,18.978,14.099,15.082,12.875,11.342,12.009,14.063,16.39,19.183,21.143,24.386,25.764,27.999,31.253,33.591,32.074,28.849,27.875,27.474,4.539,4.487,2.981,3.161,7.527,8.133,7.144,6.806,8.005,10.12,9.798,9.154,9.065,9.798,14.388,29.835,45.058,54.282,45.987,18.991,49.333,44.924,23.869,2.503,1.754,1.199,1.487,2.838,3.439,3.371,4.003,29.233,33.661,30.774,10.784,9.403,10.668,12.954,11.575,13.11,13.672,21.097,32.163,29.394,15.724,11.728,10.348,5.017,1.263,1.145,1.508,13.263,22.824,21.639,25.578,23.557,18.671,13.388,12.866,12.476,22.936,29.581,27.518,16.087,1.073,0.915,3.872,7.216,8.602,7.433,5.482,2.582,9.456,31.373,21.779,2.758,1.301,2.017,2.978,3.447,5.171,7.106,31.951,50.872,55.009,52.975,51.968,48.141,37.184,13.072,5.52,4.82,5.245,6.996,8.271,9.121,9.127,7.697,3.173,4.572,5.23,19.5,36.66,33.67,28.755,27.841,24.218,30.123,22.61,31.002,33.683,35.456,7.678,1.351,1.578,3.014,4.59,4.089,2.533,1.503,3.202,17.462,33.673,21.79,31.103,30.529,36.347,35.051,33.268,32.103,30.951,26.912,23.833,25.296,27.599,22.767,23.597,19.862,25.851,28.814,30.283,29.231,26.11,15.069,9.835,18.995,25.982,29.498,33.828,33.849,34.393,35.843,36.723,37.2,35.943,19.803,14.365
14.0,29.987,32.836,32.16,29.114,26.346,23.312,20.456,12.969,10.629,8.216,7.906,7.725,10.341,11.338,13.547,17.032,26.394,31.069,30.539,21.321,15.688,8.272,8.49,8.309,8.325,7.875,5.284,3.111,15.555,38.767,51.538,54.332,53.441,55.454,55.963,55.349,55.361,52.008,44.773,42.138,35.869,19.144,7.992,8.835,12.558,18.804,13.793,18.335,16.361,15.305,13.581,12.425,11.971,24.416,28.674,29.034,20.339,14.391,15.388,14.02,11.904,13.03,14.773,17.553,20.277,22.023,25.213,26.743,28.803,31.114,32.538,31.196,29.383,28.206,27.771,4.759,4.749,3.392,4.788,8.11,8.308,7.364,7.333,8.36,10.315,9.73,9.145,9.933,10.892,19.13,33.578,46.145,53.88,47.546,23.867,49.822,46.674,28.881,3.007,1.973,1.331,1.736,2.972,3.475,3.846,4.137,31.295,34.244,31.522,16.9,9.671,10.817,12.913,13.386,13.555,13.783,21.665,31.683,29.439,18.628,11.962,10.653,6.077,1.436,1.424,1.714,18.245,23.966,23.361,26.062,24.055,19.993,15.945,13.104,12.82,23.655,28.944,28.111,19.115,1.082,2.239,5.404,8.172,8.861,7.832,6.063,2.907,16.088,33.236,26.251,3.144,2.054,2.498,3.178,3.481,5.303,13.232,37.408,50.597,53.799,51.344,50.704,46.306,37.605,21.103,6.247,5.395,5.836,7.567,8.892,9.358,9.617,8.043,3.735,4.687,5.267,27.042,35.824,33.924,29.548,28.35,25.466,30.253,25.095,30.905,33.986,35.495,11.857,1.444,1.766,3.409,4.78,4.049,3.154,1.593,4.407,22.842,34.164,25.132,31.583,30.35,37.218,35.111,33.341,33.019,30.741,27.613,25.458,25.879,27.356,22.434,25.97,20.998,26.101,29.569,30.647,29.824,26.238,17.949,11.054,22.158,26.887,29.935,34.254,33.729,33.938,35.726,36.113,36.809,35.817,20.727,14.154
15.0,29.593,32.04,32.004,29.473,26.793,23.45,20.329,14.255,11.205,8.279,9.222,9.786,11.189,12.113,14.298,19.57,27.41,30.765,30.64,23.04,17.409,9.385,8.853,8.701,8.34,7.931,6.413,3.517,23.162,42.632,51.985,54.673,53.128,54.931,55.14,54.134,54.743,51.656,46.456,42.261,36.637,21.647,8.799,9.295,13.031,19.786,14.475,18.349,16.746,15.855,14.184,12.901,16.597,25.535,28.988,29.45,21.918,14.534,15.612,14.932,12.568,14.196,16.548,18.747,20.785,22.74,25.609,27.764,29.186,30.543,31.917,30.326,29.788,28.742,29.091,5.014,4.852,3.511,5.705,8.805,8.602,7.98,8.188,8.604,10.533,9.85,9.723,10.251,11.338,22.406,36.096,46.761,53.584,49.264,27.371,49.53,47.36,32.05,3.352,2.175,1.602,2.202,3.1,3.519,4.416,4.328,31.759,35.677,32.842,20.19,10.067,11.197,13.07,14.359,14.004,14.53,23.178,31.007,28.988,20.711,12.395,10.909,7.228,2.155,1.637,1.784,19.403,24.716,24.143,26.75,24.957,21.246,17.599,13.492,13.117,23.626,29.015,28.325,20.764,2.091,3.63,6.321,9.187,9.066,7.809,6.379,4.128,19.437,32.817,29.105,3.508,2.463,2.929,3.229,3.881,5.347,20.91,40.114,51.656,52.472,49.588,49.433,46.817,38.268,22.862,7.073,5.765,6.459,8.154,9.328,9.422,10.06,8.836,4.644,5.084,5.466,29.262,34.809,33.992,30.517,28.849,25.808,30.114,27.38,31.579,33.926,35.528,21.674,1.572,2.075,3.627,5.122,4.215,3.47,2.416,4.339,26.946,34.868,26.636,31.914,30.893,37.455,35.082,33.384,33.099,30.931,28.526,28.293,27.937,26.999,24.074,26.96,22.716,26.693,29.824,30.764,29.868,26.984,20.074,11.588,24.013,27.311,30.842,34.639,33.587,33.842,35.795,35.536,36.682,36.003,21.48,14.01
16.0,28.824,31.012,31.484,30.158,27.42,23.256,20.195,15.342,11.503,8.672,10.534,11.69,11.592,12.396,16.114,20.708,27.481,30.89,30.868,25.202,20.3,12.876,8.974,8.627,8.421,8.013,7.281,6.87,29.314,44.874,52.656,54.624,53.168,54.947,54.273,53.217,53.747,51.464,46.846,42.284,36.578,23.727,9.186,10.023,15.518,21.386,14.897,18.469,16.899,16.116,15.047,13.244,18.804,26.407,29.016,29.864,24.053,15.866,19.305,16.779,14.689,15.849,18.26,20.382,21.554,23.677,26.333,28.509,29.154,30.302,31.054,30.244,29.81,29.448,30.172,5.046,5.01,3.871,6.465,9.152,9.159,8.415,8.339,8.721,10.561,10.064,9.904,10.804,13.215,26.101,38.853,47.083,53.496,50.385,30.724,49.172,48.301,34.04,3.48,2.688,1.936,2.326,3.166,3.525,7.072,4.519,34.61,35.608,33.739,24.461,11.124,11.551,13.202,14.848,14.288,16.869,24.421,30.509,28.408,21.633,12.909,11.34,7.529,3.244,1.698,1.807,21.38,25.49,25.268,27.134,25.545,22.166,18.741,13.864,13.318,24.125,28.664,28.824,21.411,5.995,5.268,7.503,9.978,9.399,8.172,6.827,5.517,21.009,33.807,32.643,10.336,2.709,3.01,3.349,4.576,5.361,29.758,42.996,51.763,50.768,48.598,47.938,45.799,38.486,25.123,7.835,6.138,6.993,8.509,9.517,9.873,10.313,9.237,5.995,5.091,5.809,30.665,34.703,34.278,31.232,29.66,27.482,29.997,27.872,31.649,33.408,35.612,25.924,1.701,2.706,3.569,5.16,4.218,3.626,2.928,10.273,29.757,35.178,28.464,32.766,31.721,37.352,34.996,32.855,32.542,31.038,29.191,29.945,29.132,27.214,24.907,28.025,23.427,27.402,30.216,30.267,30.094,27.957,22.026,13.742,25.025,27.932,31.825,34.627,33.123,33.498,36.149,35.763,36.934,36.156,22.278,13.794
17.0,28.134,29.953,30.788,30.313,27.58,23.116,20.093,15.886,11.603,9.497,12.983,13.602,12.403,12.676,18.074,21.514,28.165,30.914,31.094,26.44,22.476,16.675,9.152,8.667,8.5,8.057,7.555,14.757,34.135,46.488,53.097,54.445,52.936,54.131,52.599,52.193,52.89,50.613,47.056,41.993,36.294,25.676,10.482,10.676,17.735,22.324,15.771,18.544,17.202,16.311,15.904,14.567,20.472,27.293,28.78,30.064,25.515,19.308,20.177,20.635,16.505,17.72,19.681,21.693,22.898,25.338,27.024,28.707,29.266,29.619,30.128,29.448,29.842,30.101,30.646,5.23,5.03,4.334,6.675,9.559,9.667,8.734,8.236,9.03,10.523,10.201,10.056,10.979,15.584,28.838,41.092,47.811,52.905,50.406,34.106,48.798,47.935,36.202,10.703,3.033,2.331,2.621,3.253,3.503,7.099,4.683,36.216,36.385,33.909,26.476,12.501,12.03,13.417,15.008,14.496,19.653,25.773,29.954,28.014,22.387,13.296,11.883,8.138,4.204,1.834,10.645,23.408,26.11,25.944,27.451,26.078,23.806,21.097,14.18,14.02,24.729,28.73,28.825,22.418,11.168,6.815,8.494,10.251,9.406,8.525,7.164,7.738,21.946,35.288,34.686,17.824,3.196,3.077,3.424,4.627,8.346,35.766,45.622,51.817,49.957,47.79,46.441,44.361,38.828,27.701,12.314,6.796,7.748,8.565,9.861,10.354,10.59,9.748,6.708,5.335,5.954,31.418,35.064,34.094,31.153,30.237,28.87,29.537,27.592,31.241,32.835,35.019,27.77,1.932,3.198,3.498,4.934,4.125,3.598,5.07,15.604,31.315,35.53,30.244,33.585,32.455,37.151,34.997,32.271,31.918,30.934,29.755,30.074,29.739,27.524,26.084,28.977,25.358,27.763,30.422,30.28,30.245,28.335,22.952,15.436,26.232,28.165,32.782,34.383,32.399,33.47,36.308,35.865,37.214,36.64,23.068,13.438
18.0,27.242,28.813,29.912,30.187,27.591,22.824,19.827,16.513,11.927,10.876,14.072,15.038,14.629,13.04,20.638,22.401,28.306,30.784,31.36,28.126,23.513,19.236,9.281,8.582,8.468,8.106,7.706,21.307,36.078,48.159,52.888,53.705,52.649,53.157,50.863,51.282,51.811,49.949,47.004,41.879,36.685,27.69,14.878,11.038,19.776,23.764,17.651,18.548,17.31,16.686,16.444,16.137,22.4,27.846,28.681,30.048,26.253,21.428,20.725,21.475,17.504,18.592,20.313,22.364,24.222,26.115,27.672,28.657,29.237,28.818,29.328,29.07,30.004,30.7,31.742,5.622,5.172,5.247,7.42,9.847,9.957,9.095,8.335,9.346,10.475,10.43,10.219,12.392,18.76,31.565,43.12,47.495,52.34,50.463,36.76,48.922,47.92,38.238,19.88,3.212,2.665,2.788,3.358,3.565,11.475,8.758,36.886,35.674,34.695,28.351,15.573,12.947,13.634,15.098,14.8,20.355,26.211,29.571,28.012,23.096,14.514,12.557,8.941,4.885,2.373,13.047,24.187,26.691,26.613,27.869,26.912,25.357,22.184,14.223,16.192,25.135,28.553,28.734,24.435,15.672,7.714,9.587,10.645,9.807,8.814,7.721,9.214,24.403,36.592,36.549,26.503,3.38,3.162,3.803,4.604,13.312,41.443,47.414,51.672,49.85,46.927,45.234,43.335,39.025,29.354,16.27,7.782,8.387,8.809,10.333,10.805,10.881,10.338,7.349,5.623,6.237,31.235,34.524,33.842,30.905,31.102,30.077,29.857,27.691,30.907,32.551,34.665,29.939,3.219,3.346,3.406,4.91,4.921,6.988,9.069,20.736,32.551,35.335,30.852,34.491,33.792,36.819,34.793,32.127,31.523,31.127,30.356,30.355,29.95,27.658,27.722,29.346,27.776,28.35,30.55,30.403,30.299,29.028,23.728,18.739,26.229,29.001,32.668,33.951,32.344,33.243,35.995,36.242,37.363,37.343,23.857,13.077
19.0,26.882,27.932,28.94,29.743,27.033,22.658,19.879,17.036,12.808,11.972,14.839,15.912,15.489,13.201,23.283,22.739,28.456,30.812,31.504,28.83,25.858,21.113,10.409,11.798,10.167,8.264,7.838,24.988,38.848,48.981,52.346,53.085,52.368,51.931,50.538,50.597,51.006,49.926,46.944,42.262,37.268,29.246,19.276,11.747,21.447,24.624,19.955,18.445,17.599,17.082,16.703,19.662,23.815,28.414,28.647,30.088,27.033,22.524,22.728,22.397,17.938,19.137,20.997,23.651,25.313,26.779,27.595,28.22,28.89,27.909,28.376,29.146,29.862,31.373,32.447,5.899,5.44,6.086,8.224,10.06,10.317,9.51,8.577,9.628,11.521,10.561,11.736,14.48,21.913,34.424,44.277,47.793,52.102,50.448,39.805,49.387,47.636,40.557,22.648,3.275,3.013,3.034,3.419,6.014,15.877,11.703,37.054,35.801,34.777,28.894,17.488,13.87,13.768,15.273,15.508,21.572,26.735,29.381,28.08,23.573,14.752,13.265,9.899,5.671,2.832,16.484,24.844,27.056,26.784,28.464,27.475,25.883,23.09,14.05,18.294,25.433,28.594,28.896,25.775,19.046,8.701,10.28,11.203,10.34,9.298,8.1,13.45,26.621,37.425,37.856,30.583,12.724,3.232,4.06,4.761,25.374,43.397,48.915,51.352,49.462,46.676,44.4,43.415,39.951,30.135,21.02,8.682,9.138,9.123,10.693,11.112,11.293,12.541,8.106,5.975,8.281,30.582,34.872,33.965,31.509,31.878,30.448,29.873,28.14,30.859,32.533,34.582,31.693,7.032,3.4,3.408,4.897,4.929,10.134,11.415,23.979,33.654,35.398,31.594,35.46,34.512,36.766,34.78,32.125,31.579,31.472,30.977,30.917,30.234,28.178,29.14,29.487,28.572,28.586,30.404,30.388,30.514,29.628,24.555,20.741,26.32,29.094,33.44,33.737,32.283,32.982,35.685,36.405,37.7,38.187,24.681,12.71
20.0,27.179,27.308,28.131,29.011,26.565,22.821,20.227,17.432,15.082,13.121,15.612,16.56,16.455,14.406,24.592,23.304,28.831,30.878,31.764,30.179,27.774,23.692,15.52,18.428,13.804,10.06,10.671,28.765,41.462,49.19,51.851,52.346,51.879,50.906,49.807,49.832,50.277,49.422,47.028,42.736,37.62,30.933,22.092,14.03,23.279,25.529,22.415,18.69,18.18,17.493,17.464,21.192,24.919,28.939,29.102,30.291,27.502,24.012,23.519,23.142,18.084,19.408,21.214,24.026,25.871,26.342,27.335,27.835,28.359,27.51,27.73,28.879,30.22,31.763,32.594,6.12,5.852,7.157,8.952,10.492,10.587,9.647,8.837,13.088,15.652,14.964,14.631,19.375,25.142,36.917,44.906,48.587,51.571,50.364,42.528,49.616,47.714,41.885,25.929,6.127,3.239,3.275,3.55,10.69,19.078,17.067,37.046,36.397,34.857,30.074,20.703,15.512,13.979,15.336,17.893,22.853,27.049,29.493,28.215,23.805,16.697,13.781,11.044,6.623,4.031,19.274,25.442,27.468,27.011,28.41,27.908,26.469,24.089,14.262,20.542,25.805,28.919,29.299,27.54,21.837,9.667,11.023,11.649,10.618,9.726,8.547,16.762,28.734,38.169,39.225,33.705,16.041,3.484,4.093,4.81,31.565,46.055,49.557,51.01,49.057,46.201,44.133,42.818,39.908,32.419,22.865,9.344,9.258,9.479,10.916,11.254,11.362,17.762,8.88,6.512,13.497,30.9,34.585,34.317,31.91,32.367,30.939,29.931,28.509,30.869,32.224,34.431,33.209,11.812,3.493,3.597,5.705,10.528,13.422,16.107,27.538,34.637,35.115,32.911,35.89,35.769,36.923,34.953,32.636,31.838,31.862,31.904,31.524,30.694,28.942,29.874,29.615,29.11,28.703,30.104,30.534,30.995,29.996,25.689,22.075,26.576,30.021,33.917,33.686,32.188,32.689,35.343,36.591,38.03,38.347,25.66,12.194
22.0,28.183,27.23,27.038,27.561,25.895,23.642,21.453,20.83,24.179,15.185,16.729,17.666,17.886,22.054,26.274,24.816,28.73,31.011,31.85,32.161,30.929,29.051,26.679,27.412,24.953,17.69,21.566,33.827,44.934,48.854,50.422,50.996,49.958,48.7,48.044,48.045,48.808,48.664,46.512,43.186,38.858,32.882,26.337,22.085,26.497,26.979,24.996,19.871,19.72,18.848,21.748,23.273,27.008,29.477,29.537,30.411,28.048,26.232,25.291,25.298,21.08,20.578,23.497,25.112,25.555,25.592,26.234,27.019,27.39,27.275,27.73,29.691,31.123,32.609,33.198,8.323,7.535,8.157,10.069,19.139,10.918,9.926,9.4,18.363,23.348,24.49,23.569,25.56,32.016,40.166,46.674,47.654,50.47,49.841,45.679,49.285,47.669,44.072,33.826,17.639,5.982,3.628,11.954,18.009,22.991,21.762,37.076,36.924,35.793,31.906,24.786,19.524,14.704,15.514,20.257,25.547,27.289,29.677,28.654,24.564,20.322,15.322,13.546,9.697,13.359,21.54,26.746,28.064,27.367,28.204,27.785,26.941,25.51,17.146,22.388,26.766,29.777,30.69,29.416,24.621,16.031,12.105,12.515,11.887,11.068,11.809,21.968,31.29,39.411,39.436,37.136,29.835,16.382,13.114,18.878,40.319,48.233,50.452,49.899,47.957,45.194,43.266,42.412,41.185,34.583,26.179,13.862,10.143,9.87,11.297,11.383,18.785,25.537,12.057,8.524,21.971,31.232,35.019,34.3,32.315,32.739,31.622,30.237,29.137,30.545,32.005,33.703,34.945,25.241,8.731,3.741,15.869,19.241,21.684,24.148,30.877,35.333,34.21,35.335,35.134,36.554,37.22,34.775,33.723,33.525,33.075,33.251,32.48,31.355,30.108,30.517,30.528,30.197,29.345,30.034,31.2,31.979,30.978,27.673,25.254,27.839,31.627,33.872,32.936,31.634,32.873,34.243,36.074,37.701,39.141,27.901,10.639
24.0,29.807,27.523,26.61,26.193,25.185,23.564,22.585,25.19,27.32,16.17,18.367,18.073,19.474,27.853,29.233,26.228,29.198,31.073,32.125,33.688,33.474,32.769,35.035,35.659,31.047,30.561,32.027,39.408,46.108,47.941,49.218,49.743,48.058,47.116,46.462,46.844,47.57,47.379,45.719,43.37,40.122,35.09,29.595,26.254,28.939,28.994,27.511,21.517,21.268,23.713,24.112,25.303,27.87,29.56,29.873,30.316,28.626,28.51,27.439,26.84,24.217,22.512,24.735,25.05,24.852,24.904,25.51,26.467,26.955,28.055,28.975,30.737,32.431,32.854,33.432,18.203,9.011,9.339,15.813,25.245,15.25,10.5,15.638,25.051,28.38,29.052,29.833,31.531,36.691,42.365,46.468,47.141,49.15,49.169,47.313,48.326,47.253,44.532,38.003,25.745,15.99,13.698,19.883,23.112,25.261,27.149,37.7,37.266,36.359,33.334,27.299,22.141,17.845,18.6,22.572,26.516,27.488,30.148,29.228,25.441,21.631,19.243,17.73,16.51,18.776,24.035,28.356,28.842,28.051,28.327,27.936,27.238,25.819,20.577,23.421,27.555,30.634,31.473,30.365,27.554,21.437,14.824,13.43,13.087,14.096,17.757,25.59,34.438,39.187,40.017,39.364,34.849,27.541,26.431,32.008,43.173,48.677,49.82,49.008,46.966,44.09,42.811,42.118,41.359,37.546,30.278,19.825,15.038,11.473,11.225,11.413,25.996,30.401,22.07,11.019,25.048,31.564,34.492,33.508,32.642,33.01,31.994,31.193,28.972,30.893,31.679,33.12,34.764,30.604,21.692,4.702,21.776,24.125,25.655,28.06,33.523,34.905,33.043,35.684,34.028,36.111,36.327,34.902,34.843,34.504,34.291,33.863,32.911,31.913,30.907,30.333,30.875,31.029,30.806,30.044,31.689,32.754,32.492,29.254,27.629,29.752,33.117,33.523,32.233,32.232,32.852,33.379,34.621,36.537,37.67,29.925,9.147
26.0,30.967,28.649,26.646,25.493,24.483,23.638,23.15,28.905,29.866,20.89,23.351,19.491,23.716,30.054,30.942,28.624,29.797,31.474,32.308,34.687,35.61,36.448,39.382,40.805,39.39,38.467,39.584,43.072,46.023,46.845,48.033,48.353,47.063,45.795,45.216,45.803,46.488,46.048,44.793,43.198,40.961,36.246,31.988,30.202,31.094,30.129,29.708,24.38,25.334,26.595,26.356,27.111,28.226,29.319,30.063,30.524,29.279,30.445,29.216,27.909,26.85,26.09,24.821,24.631,24.347,24.863,25.696,26.69,27.411,29.204,30.809,31.893,32.77,33.268,33.4,23.865,14.473,10.841,23.488,29.812,23.581,13.489,22.691,28.277,30.884,32.255,33.819,36.331,39.364,43.257,46.295,46.754,47.985,48.581,47.92,47.387,46.379,44.876,40.884,32.706,24.88,22.701,27.728,28.523,29.598,31.704,37.824,37.41,36.942,34.361,29.503,24.311,19.583,20.028,24.208,26.899,27.893,30.329,29.772,26.63,23.857,20.987,20.001,19.438,21.716,26.659,29.524,29.534,28.684,28.716,27.706,27.275,26.518,22.531,24.695,28.393,31.46,32.074,31.491,29.534,24.369,20.843,17.769,15.835,18.575,21.993,28.505,36.682,39.595,40.55,40.174,38.808,34.572,35.343,39.367,45.052,48.542,48.906,47.934,45.54,43.372,42.904,42.654,41.906,39.587,34.379,23.499,20.672,17.712,11.389,16.56,29.654,32.802,28.196,18.61,26.164,31.784,33.728,32.621,32.57,33.117,32.291,31.733,29.127,31.044,31.73,32.342,34.115,33.529,28.33,16.423,26.241,27.793,28.615,30.144,34.893,34.266,32.42,34.898,33.027,34.739,34.778,34.207,34.474,34.442,33.967,33.663,33.202,32.568,31.447,30.538,31.532,31.483,31.142,30.718,31.83,33.328,33.815,30.058,28.378,31.772,34.084,33.076,32.451,32.478,32.567,32.781,33.4,35.156,35.809,31.647,7.867
28.0,31.703,30.06,26.708,24.965,24.125,23.878,25.849,30.863,32.234,30.296,31.25,27.928,28.599,32.375,33.203,29.916,30.376,32.142,32.999,35.333,36.986,39.625,41.454,42.722,42.438,43.015,42.744,44.522,45.493,45.849,46.942,47.216,46.097,44.658,44.044,44.603,45.672,45.116,44.138,42.75,40.856,38.045,34.549,32.619,32.57,31.725,31.348,28.038,28.871,28.258,27.86,27.96,28.6,29.354,30.357,31.054,30.289,31.731,30.757,29.015,28.939,29.035,24.517,24.08,24.403,24.969,26.02,27.218,28.288,31.086,32.603,32.899,33.252,33.381,33.096,25.094,21.343,12.956,28.863,31.528,28.225,18.15,26.444,31.859,33.828,34.834,36.109,38.507,40.912,43.208,46.245,46.355,47.083,47.6,47.598,46.482,45.665,45.212,42.085,37.239,32.466,30.731,32.804,33.211,32.562,33.386,38.045,37.646,36.959,34.959,31.539,27.118,21.421,21.664,25.216,27.009,28.448,30.425,30.677,28.054,26.428,22.74,22.027,21.998,24.345,28.996,30.714,30.189,29.324,29.238,28.488,27.824,26.852,23.808,25.335,29.264,31.975,32.586,32.304,30.699,27.285,23.349,22.358,20.824,22.436,25.333,31.233,37.424,39.723,40.945,40.924,40.078,38.847,39.414,42.14,46.289,48.036,47.716,46.796,44.517,43.293,43.049,43.001,42.245,39.857,36.328,28.215,25.338,23.124,17.873,24.454,32.218,34.695,32.277,23.866,26.937,31.788,32.982,31.822,32.645,32.873,32.227,32.281,30.043,32.047,31.978,31.899,33.46,34.785,30.949,25.036,28.321,28.549,30.002,32.157,34.894,33.496,31.847,34.018,32.333,33.589,33.671,33.768,34.021,33.861,33.582,33.566,33.385,33.069,32.338,31.389,32.205,31.788,31.669,31.817,32.1,32.845,33.724,31.35,29.727,32.792,33.882,33.09,32.571,32.668,32.342,32.114,32.704,33.555,34.39,32.999,6.819
30.0,32.416,31.29,27.638,25.146,24.11,25.876,28.789,32.901,35.133,37.395,36.834,36.693,33.247,35.011,34.82,31.822,31.085,32.837,33.736,36.082,37.946,40.825,42.83,43.794,43.912,44.546,44.314,44.618,44.767,45.008,45.897,46.273,45.351,43.954,43.225,43.907,44.824,44.409,43.69,42.149,41.046,39.688,37.641,34.945,34.192,32.515,33.051,30.25,30.038,29.749,29.366,28.816,28.869,29.646,30.541,31.327,31.353,32.943,32.026,30.134,30.262,30.546,27.605,24.406,24.54,25.345,26.989,28.489,30.053,32.444,33.349,33.316,33.376,33.201,32.663,25.934,23.481,21.716,31.685,34.232,30.391,24.67,29.166,33.753,35.654,36.56,37.314,40.158,41.294,43.246,45.648,45.673,46.327,46.658,46.854,45.741,45.064,44.962,42.917,39.567,36.075,35.143,35.978,35.106,34.732,34.975,38.42,37.928,37.327,35.464,32.338,29.229,22.602,23.654,25.63,27.081,29.013,31.008,31.941,29.459,28.85,25.188,24.479,24.547,26.628,30.41,31.291,31.027,29.704,29.684,29.212,28.571,27.448,24.615,26.142,30.358,32.553,33.12,33.459,32.038,29.819,26.55,24.84,24.134,25.716,27.972,34.063,38.005,39.887,41.053,41.509,41.141,40.534,41.357,42.822,46.436,47.434,46.885,45.808,43.89,43.183,43.09,43.338,42.858,41.285,39.088,33.128,30.485,27.413,25.153,28.774,35.048,37.106,35.094,33.033,28.851,31.721,31.941,31.62,32.471,32.628,32.459,32.675,30.719,32.522,32.305,31.646,32.696,34.481,32.687,28.844,29.844,30.373,31.55,33.631,34.23,32.641,31.845,33.224,31.845,32.93,33.239,33.374,33.417,33.305,33.386,33.499,33.491,33.319,32.942,32.072,32.639,31.973,32.14,32.321,32.394,32.159,33.04,32.565,31.124,33.69,33.713,33.084,32.723,32.654,32.35,31.951,32.157,32.686,33.331,34.113,6.045
32.0,32.667,31.632,29.138,26.184,25.784,28.722,31.098,34.808,38.493,41.43,40.469,40.961,38.819,37.037,36.285,33.017,31.914,33.332,34.353,36.706,38.569,41.472,43.439,43.754,44.007,44.67,44.47,43.898,43.708,44.354,45.138,45.446,44.8,43.71,42.925,43.231,44.143,43.821,43.163,41.843,40.978,40.483,40.149,37.95,35.278,33.728,34.343,31.439,30.907,30.612,30.041,29.806,29.425,30.212,30.815,31.787,32.181,34.009,33.274,31.404,31.199,31.111,29.524,27.372,25.879,26.52,28.919,30.296,31.521,32.655,33.358,33.593,33.357,32.958,32.479,26.635,25.022,31.181,33.714,36.107,33.305,27.938,31.733,35.233,37.452,37.96,38.774,40.561,42.222,43.614,45.155,45.08,45.515,45.794,46.289,45.249,44.624,44.539,43.769,41.001,38.849,36.846,37.277,36.061,35.727,35.798,38.664,38.209,37.448,35.966,33.86,31.091,24.331,24.551,26.032,27.747,29.306,31.609,32.479,30.912,30.56,27.539,26.599,27.31,29.265,31.355,31.961,31.493,30.205,30.095,29.639,28.949,28.227,25.242,27.11,31.282,33.065,33.799,33.885,33.376,31.139,29.25,27.75,26.378,27.826,31.026,35.898,38.45,39.964,41.097,42.145,42.036,41.586,42.155,44.381,45.874,46.532,46.015,44.919,43.511,42.908,43.018,43.43,43.391,41.944,39.992,36.511,33.686,31.895,29.029,31.648,37.039,38.37,37.662,36.296,32.547,31.902,31.594,31.773,32.563,32.636,32.616,32.574,31.666,32.78,32.484,31.729,32.181,33.988,33.75,30.529,30.134,31.274,32.747,34.133,33.635,32.198,32.122,32.57,32.189,32.647,32.935,33.301,33.037,33.185,33.295,33.547,33.492,33.501,33.455,32.717,33.098,31.999,32.476,32.874,32.491,32.309,32.832,33.386,32.12,34.013,33.389,33.006,32.686,32.604,32.288,31.946,32.001,32.33,32.85,34.974,5.526
34.0,32.851,31.884,30.405,27.777,28.517,31.148,32.684,36.246,42.077,43.088,42.182,42.955,42.615,39.742,37.18,34.318,33.101,34.03,35.217,37.398,38.986,41.211,43.155,43.223,43.236,44.221,43.952,42.983,42.871,43.783,44.592,44.604,44.544,43.7,43.079,42.977,43.444,43.465,42.557,41.52,40.806,40.696,41.528,41.551,36.481,34.951,35.368,32.72,31.503,31.241,30.935,30.461,30.295,30.756,31.201,32.293,33.025,35.182,34.004,32.223,31.601,31.443,30.773,29.666,28.997,28.959,30.721,32.043,32.137,32.286,33.017,33.515,33.346,32.68,32.472,27.356,29.495,35.435,36.151,37.86,35.445,31.749,33.663,36.815,38.807,39.354,39.818,41.54,42.934,44.012,44.865,44.813,44.669,45.075,45.64,44.706,44.002,44.107,44.121,41.822,39.943,38.944,38.302,37.194,36.712,36.58,38.738,38.57,37.858,36.588,34.612,32.26,26.683,24.95,26.764,28.34,29.951,32.439,33.235,31.962,31.916,29.767,28.648,29.137,30.771,32.156,32.296,31.957,30.826,30.148,29.932,29.407,28.711,25.739,28.487,32.097,33.739,34.7,34.614,34.552,32.748,31.347,30.234,28.976,30.643,33.761,36.484,38.494,40.07,41.005,42.056,42.747,42.836,43.73,44.709,45.506,45.713,45.194,44.275,43.357,42.675,42.737,43.37,43.705,42.718,41.367,38.303,36.12,34.635,32.17,34.552,38.33,39.209,39.497,38.471,35.99,32.741,31.937,32.35,32.753,32.812,32.532,32.424,32.052,32.703,32.493,31.941,31.738,33.318,33.885,31.907,30.19,31.594,32.942,33.851,32.741,31.735,32.334,31.976,32.44,32.63,32.97,32.99,32.874,33.088,33.43,33.372,33.344,33.389,33.509,32.924,33.081,32.341,32.709,32.832,32.816,32.677,32.896,33.751,32.844,33.65,33.133,32.82,32.586,32.463,32.187,31.995,32.035,31.996,32.336,35.668,5.152
36.0,32.696,32.015,31.339,31.171,31.395,33.138,34.007,38.048,42.667,43.597,42.969,43.392,43.31,40.319,37.853,35.373,34.125,34.896,35.959,38.074,39.229,41.033,42.491,42.52,42.391,43.376,43.346,42.362,42.505,43.085,44.132,43.82,44.334,43.622,42.823,42.636,42.765,43.029,42.112,41.217,40.488,40.77,41.804,42.714,37.868,35.822,36.41,33.752,32.605,31.947,31.601,31.183,31.103,31.372,31.713,32.967,34.124,35.899,34.844,33.113,32.002,31.743,31.119,30.829,31.227,32.409,33.43,33.129,32.409,32.101,32.621,33.191,33.299,32.747,32.699,28.232,34.89,37.801,38.194,39.408,36.913,33.931,35.463,38.745,40.15,40.542,41.023,42.006,43.436,44.388,44.746,44.648,44.075,44.593,45.336,44.14,43.405,43.575,43.691,42.809,40.607,39.63,38.892,37.738,37.116,37.196,39.17,38.732,38.427,37.295,35.88,33.613,28.558,25.99,27.503,28.95,30.71,33.233,33.881,32.761,33.074,31.046,30.653,30.886,32.0,32.815,32.993,32.314,31.349,30.338,29.931,29.76,29.458,26.743,30.135,32.686,34.481,35.132,35.12,35.093,33.975,32.919,32.289,31.637,33.149,35.272,37.047,38.59,39.899,40.83,41.865,42.952,43.425,44.208,44.919,45.165,44.867,44.314,43.77,43.08,42.662,42.701,43.476,44.016,43.356,41.764,39.45,37.182,35.844,34.688,36.425,39.628,40.272,40.43,39.428,37.128,33.666,32.527,32.761,33.038,32.985,32.61,32.384,32.592,32.644,32.394,32.07,31.465,32.623,33.461,32.625,30.42,31.389,32.671,32.891,32.154,31.685,32.496,31.707,32.63,32.802,32.832,32.705,32.872,33.332,33.589,33.475,33.266,33.131,33.127,33.179,32.969,32.649,32.521,32.789,32.781,32.791,32.898,33.605,33.348,33.304,32.922,32.659,32.473,32.396,32.296,32.329,32.217,32.086,32.346,36.176,4.826
38.0,32.259,32.008,31.37,32.87,34.447,35.787,36.471,40.616,42.771,43.397,42.944,43.625,43.488,40.675,38.346,36.407,34.916,35.704,36.352,38.735,39.675,40.711,41.751,41.863,41.756,42.258,42.435,41.941,42.294,42.753,43.647,43.424,44.059,43.36,42.676,42.255,42.286,42.54,41.923,40.984,40.505,40.745,41.425,42.445,40.19,36.808,37.405,34.952,33.494,32.778,32.251,32.009,32.167,32.336,32.094,33.875,35.133,36.948,35.802,33.595,32.614,32.237,31.757,31.935,32.967,34.824,35.782,34.609,32.572,32.021,32.236,32.767,33.0,32.867,32.897,32.782,37.899,39.321,40.014,40.291,38.722,35.257,37.079,40.039,41.117,41.634,41.988,42.612,43.781,44.51,44.617,44.476,43.672,44.148,44.818,43.603,42.925,42.995,43.291,42.829,41.591,40.162,39.423,38.377,37.601,37.732,39.283,39.115,38.89,38.07,36.336,34.822,30.35,27.282,28.273,29.758,31.592,33.858,34.536,33.611,34.348,32.419,31.923,32.255,33.007,33.624,33.937,32.864,31.822,30.709,30.311,30.628,30.424,27.71,31.266,33.333,35.024,35.883,35.863,35.491,34.985,34.162,33.923,33.707,34.681,35.85,37.365,38.821,39.765,40.584,41.607,42.708,43.615,44.094,44.705,44.723,44.228,43.838,43.389,42.824,42.611,42.755,43.488,44.112,43.824,42.691,40.028,38.647,37.674,36.23,37.678,40.692,41.298,41.128,39.964,38.323,34.574,33.135,33.233,33.294,33.154,32.783,32.419,32.687,32.455,32.284,32.003,31.513,32.012,32.729,32.634,30.763,31.649,32.28,32.269,31.755,31.953,32.458,32.055,32.624,32.754,32.627,32.428,32.906,33.473,33.816,33.622,33.028,32.797,32.502,33.098,32.946,32.727,32.447,32.596,32.769,32.797,32.892,33.216,33.543,33.012,32.653,32.485,32.398,32.345,32.638,32.643,32.627,32.1,32.285,36.615,4.575
40.0,42.229,42.229,42.229,42.229,42.229,42.229,42.229,42.229,42.229,42.229,42.229,42.229,42.229,42.229,42.229,42.229,42.229,42.229,42.229,42.229,42.229,42.229,42.229,42.229,42.229,42.229,42.229,42.229,42.229,42.229,42.229,42.229,42.229,42.229,42.229,42.229,42.229,42.229,42.229,42.229,42.229,42.229,42.229,42.229,42.229,42.229,42.229,42.229,42.229,42.229,42.229,42.229,42.229,42.229,42.229,42.229,42.229,42.229,42.229,42.229,42.229,42.229,42.229,42.229,42.229,42.229,42.229,42.229,42.229,42.229,42.229,42.229,42.229,42.229,42.229,42.229,42.229,42.229,42.229,42.229,42.229,42.229,42.229,42.229,42.229,42.229,42.229,42.229,42.229,42.229,42.229,42.229,42.229,42.229,42.229,42.229,42.229,42.229,42.229,42.229,42.229,42.229,42.229,42.229,42.229,42.229,42.229,42.229,42.229,42.229,42.229,42.229,42.229,42.229,42.229,42.229,42.229,42.229,42.229,42.229,42.229,42.229,42.229,42.229,42.229,42.229,42.229,42.229,42.229,42.229,42.229,42.229,42.229,42.229,42.229,42.229,42.229,42.229,42.229,42.229,42.229,42.229,42.229,42.229,42.229,42.229,42.229,42.229,42.229,42.229,42.229,42.229,42.229,42.229,42.229,42.229,42.229,42.229,42.229,42.229,42.229,42.229,42.229,42.229,42.229,42.229,42.229,42.229,42.229,42.229,42.229,42.229,42.229,42.229,42.229,42.229,42.229,42.229,42.229,42.229,42.229,42.229,42.229,42.229,42.229,42.229,42.229,42.229,42.229,42.229,42.229,42.229,42.229,42.229,42.229,42.229,42.229,42.229,42.229,42.229,42.229,42.229,42.229,42.229,42.229,42.229,42.229,42.229,42.229,42.229,42.229,42.229,42.229,42.229,42.229,42.229,42.229,42.229,42.229,42.229,42.229,42.229,42.229,42.229,42.229,42.229,42.229,42.229,42.229,42.229,42.229,0.0
mean,28.408,26.741,25.626,23.382,21.834,20.656,20.35,18.864,18.227,15.806,15.533,15.523,16.261,16.737,19.695,20.327,23.812,30.104,27.437,22.885,20.561,17.974,17.031,17.766,17.791,17.382,16.309,18.321,23.248,29.718,38.654,41.36,39.847,42.601,44.449,45.061,40.284,35.541,34.17,31.24,26.852,20.448,17.308,17.289,19.492,20.004,19.86,19.614,18.033,17.569,16.682,16.585,17.84,21.68,26.892,25.772,20.898,20.576,19.758,18.414,16.903,17.282,17.775,18.902,21.002,21.59,22.136,23.462,24.961,25.858,27.169,28.006,25.003,24.109,26.871,11.28,10.711,10.224,12.389,15.365,14.477,12.407,13.273,15.657,17.409,17.272,16.584,17.908,19.723,23.429,28.908,38.19,44.722,36.972,26.451,35.921,34.435,25.505,17.797,13.571,11.756,11.359,12.527,13.718,15.103,14.719,24.609,27.91,26.051,19.214,16.224,16.627,14.059,13.986,15.484,18.581,21.759,29.718,25.638,19.501,17.179,13.814,11.438,9.982,10.218,13.041,17.55,21.238,21.306,24.32,20.64,21.052,18.78,14.369,16.072,21.338,27.913,25.259,18.338,14.11,11.875,11.738,12.787,12.841,12.254,12.221,14.003,19.599,27.831,24.403,18.865,15.428,13.84,14.19,15.523,19.979,25.681,30.049,37.71,38.541,38.812,40.285,39.088,31.491,21.859,17.217,13.568,12.938,13.106,13.073,14.188,16.771,16.224,13.446,12.502,14.224,20.559,29.108,28.284,25.723,26.36,23.928,27.026,23.104,28.546,31.07,25.901,18.497,12.808,11.358,9.946,12.5,12.604,12.672,13.2,16.142,20.633,28.5,21.967,27.05,25.508,29.044,28.066,26.127,26.201,26.18,24.675,23.485,22.951,26.184,22.263,22.71,22.277,23.809,26.526,26.844,26.658,24.276,18.932,16.881,20.332,24.314,28.588,29.755,30.425,30.431,30.787,31.29,29.835,31.037
std dev,8.403,11.055,10.03,10.793,10.314,10.1,9.835,11.632,13.628,14.69,15.1,15.085,14.277,14.176,12.48,10.621,10.38,8.946,11.254,12.575,14.25,16.338,17.204,17.064,16.398,16.614,17.62,18.668,19.646,20.129,19.587,17.049,19.051,16.257,14.099,13.778,19.063,20.049,17.879,16.715,16.694,16.297,15.299,14.072,12.276,12.118,10.936,9.912,10.576,10.472,11.043,11.196,11.547,10.973,8.089,9.846,11.351,10.765,11.263,11.22,11.062,10.809,10.377,9.985,8.524,9.458,10.727,10.516,9.836,10.3,11.365,10.018,11.183,11.625,9.67,11.756,12.1,13.215,14.309,14.159,12.579,11.187,12.524,13.526,13.734,14.294,15.22,15.525,16.255,17.632,18.494,15.521,13.705,17.241,18.322,18.249,18.285,19.004,18.443,17.247,16.156,15.591,15.471,14.672,14.26,14.597,16.402,14.624,14.482,15.553,13.352,10.58,9.979,9.653,9.883,9.364,9.269,8.718,10.044,10.541,10.097,11.045,11.772,12.394,13.163,13.821,13.593,11.89,11.051,9.296,11.656,8.992,9.796,9.987,10.376,10.319,9.459,11.239,14.343,14.706,13.625,12.426,11.188,10.646,11.752,12.98,14.697,15.354,14.864,17.069,18.266,18.116,17.646,17.652,18.123,18.921,19.732,19.759,18.189,19.589,17.153,15.064,13.766,15.206,16.846,15.927,14.275,13.291,12.2,11.157,11.832,13.457,15.32,15.41,14.067,13.266,14.294,12.313,11.363,11.453,10.413,10.674,9.393,10.233,8.768,8.958,13.869,15.304,15.197,14.346,12.967,12.341,13.051,13.941,14.545,14.813,14.71,11.056,13.353,11.875,13.097,12.404,12.807,12.939,12.033,11.673,11.704,11.9,12.283,9.616,11.029,11.428,10.443,10.862,9.24,9.966,9.345,10.963,12.72,12.242,12.545,10.933,8.901,10.427,10.517,10.482,11.177,11.072,12.563,11.309
