model,gGSP
processed_PZ16b_simRNAAS1_3,98.801
