gGSP
15.717
