,"""R1""","""R2""","""R3""","""R4""","""R5""","""R6""","""R7""","""R8""","""R9""","""R10""","""R11""","""R12""","""R13""","""R14""","""R15""","""R16""","""R17""","""R18""","""R19""","""R20""","""R21""","""R22""","""R23""","""R24""","""R25""","""R26""","""R27""","""R28""","""R29""","""R30""","""R31""","""R32""","""R33""","""R34""","""R35""","""R36""","""R37""","""R38""","""R40""","""R42""","""R43""","""R44""","""R45""","""R46""","""R47""","""R48""","""R49""","""R50""","""R51""","""R52""","""R53""","""R54""","""R55""","""R56""","""R57""","""R58""","""R59""","""R60""","""R61"""
radius,C,G,G,U,G,U,A,A,G,U,G,C,A,G,C,C,C,G,U,C,U,U,A,C,A,C,C,G,U,G,C,G,G,C,A,C,A,G,A,A,C,U,G,A,U,G,U,C,G,U,A,U,A,C,A,G,G,G,C,mean,std dev
2.0,0.032,0.024,0.03,0.036,0.025,0.033,0.025,0.025,0.022,0.03,0.023,0.027,0.026,0.027,0.036,0.036,0.022,0.017,0.034,0.028,0.034,0.03,0.025,0.03,0.022,0.035,0.037,0.025,0.035,0.027,0.039,0.04,0.028,0.035,0.045,0.034,0.02,0.022,0.073,0.024,0.06,0.064,0.026,0.043,0.036,0.05,0.034,0.032,0.039,0.049,0.033,0.025,0.049,0.042,0.042,0.013,0.014,0.028,0.041,0.033,0.011
3.0,0.096,0.085,0.049,0.077,0.066,0.113,0.087,0.091,0.118,0.171,1.02,0.258,0.04,0.1,0.128,0.127,0.108,0.124,0.138,0.07,0.115,0.098,0.094,0.086,0.081,0.076,0.074,0.101,0.778,0.097,0.08,0.231,0.102,0.089,0.254,0.098,0.169,0.338,0.507,0.503,1.282,1.513,0.082,0.206,0.06,0.234,0.24,0.078,0.132,0.285,0.701,1.035,1.108,0.142,0.787,0.108,0.084,0.065,0.09,0.259,0.332
4.0,6.857,0.17,0.134,0.145,0.091,0.182,0.138,0.134,0.173,0.574,0.942,1.653,0.109,0.46,0.194,0.198,0.146,1.58,0.19,0.114,0.195,0.188,0.131,0.147,0.124,0.115,0.145,0.264,0.985,1.657,0.173,0.35,0.203,0.181,0.403,0.166,0.276,0.469,2.265,0.991,2.17,1.671,0.115,0.341,0.082,0.398,0.365,0.081,0.408,0.383,0.99,1.139,1.599,0.265,3.47,0.572,0.274,0.124,0.118,0.647,1.055
5.0,7.535,0.229,0.251,0.225,0.209,0.311,0.243,0.263,0.379,0.66,1.469,2.081,0.308,1.199,0.305,0.26,1.224,1.968,2.494,0.406,0.263,0.231,0.227,0.197,0.325,0.346,0.228,0.973,2.285,1.672,0.273,0.473,0.277,0.289,0.462,1.133,0.503,4.691,4.573,1.93,2.536,1.651,1.068,1.208,0.71,0.524,0.443,0.543,0.637,1.384,1.713,1.696,2.017,0.628,3.428,2.671,0.333,0.241,0.201,1.136,1.332
6.0,7.455,0.236,0.277,0.244,0.252,0.296,0.288,0.286,0.515,0.741,2.678,2.698,0.793,1.368,0.336,0.284,1.643,2.13,2.762,0.595,0.311,0.278,0.274,0.253,0.37,0.368,0.289,1.337,2.927,2.766,0.349,0.466,0.368,0.393,0.525,1.144,0.543,4.933,5.005,2.152,2.456,1.725,1.159,1.27,0.834,0.497,0.418,0.596,0.65,1.752,5.147,2.299,2.35,1.289,4.049,3.353,0.4,0.27,0.218,1.384,1.514
7.0,7.121,0.241,0.299,0.268,0.27,0.299,0.318,0.313,0.638,0.87,3.625,2.56,1.182,1.39,0.808,0.311,1.85,2.219,3.12,0.732,0.399,0.296,0.288,0.254,0.381,0.367,0.279,1.539,3.511,3.272,1.223,0.47,0.392,0.377,0.533,1.216,0.964,4.861,5.18,2.117,3.605,2.443,1.164,1.328,0.914,0.507,0.425,0.603,0.675,2.146,7.304,2.781,2.713,1.509,4.361,3.764,0.542,0.276,0.225,1.587,1.673
8.0,6.981,3.655,0.33,0.296,0.295,0.31,0.327,0.344,0.693,1.054,4.042,2.631,1.532,1.448,1.03,0.341,1.943,2.377,3.523,1.786,0.49,0.322,0.287,0.269,0.376,0.376,0.299,1.518,4.347,4.073,2.253,0.521,0.441,0.406,0.746,1.213,1.149,4.625,4.989,2.163,3.802,3.293,1.412,1.348,1.028,0.676,0.457,0.6,0.685,2.398,7.617,4.287,3.316,1.888,4.35,4.0,1.546,0.312,0.272,1.849,1.752
9.0,6.887,5.852,0.353,0.324,0.343,0.338,0.335,0.518,0.697,1.827,4.496,2.725,1.692,1.438,1.126,0.884,2.021,2.984,3.756,2.554,0.624,0.381,0.33,0.332,0.369,0.379,1.109,1.775,5.162,4.737,2.385,0.548,0.519,0.46,0.851,1.223,2.991,4.294,4.718,3.362,4.238,3.701,1.446,1.353,1.187,0.76,0.532,0.597,0.662,4.143,7.917,4.965,4.268,3.056,4.195,3.977,2.303,0.335,0.37,2.164,1.895
10.0,6.758,6.37,1.033,0.357,0.361,0.347,0.349,0.592,0.715,2.202,4.36,2.928,1.694,1.503,1.264,1.623,2.133,2.98,3.836,3.191,0.725,0.42,0.372,0.396,0.382,0.375,1.171,2.312,5.831,5.225,2.464,0.56,0.554,0.496,0.852,1.252,3.556,4.173,4.58,3.896,4.312,3.954,2.008,1.363,1.373,0.859,0.581,0.608,1.491,4.696,8.119,5.61,4.68,3.438,3.999,3.925,2.82,0.347,0.442,2.353,1.955
11.0,7.309,6.846,1.689,0.391,0.401,0.362,0.366,0.591,0.73,2.77,4.168,3.025,1.95,1.451,1.232,1.863,2.403,3.139,3.756,3.403,0.738,0.489,0.41,0.423,0.401,0.378,1.145,2.577,6.26,5.358,3.449,2.003,0.571,0.621,0.95,1.59,3.738,3.999,4.428,4.187,4.256,3.891,2.636,1.506,1.457,0.917,0.604,0.611,1.774,5.452,7.922,6.229,4.8,3.653,4.027,3.769,3.102,1.287,0.481,2.541,1.989
12.0,7.524,7.243,2.227,0.405,0.421,0.379,1.121,1.024,1.504,3.238,3.965,3.343,2.095,2.023,1.386,2.132,2.529,3.376,3.874,3.773,0.957,0.555,0.439,0.428,0.404,0.845,1.16,3.755,6.729,5.57,4.058,2.029,0.611,0.73,1.038,1.771,3.69,3.952,4.209,4.203,4.16,3.969,3.278,1.571,1.441,1.009,0.713,0.623,2.612,5.783,7.738,7.418,5.185,4.41,4.016,3.745,3.137,1.705,0.85,2.781,2.026
13.0,7.82,7.637,2.446,0.879,0.527,0.784,1.369,1.759,2.33,3.49,3.86,3.348,2.458,2.518,2.455,2.733,2.868,3.521,4.037,3.886,1.396,0.686,0.5,0.465,0.46,0.915,1.353,4.782,7.297,5.818,4.61,2.058,0.893,0.824,1.14,2.454,3.608,3.852,4.076,4.371,4.087,3.961,3.444,1.633,1.505,1.068,0.769,0.652,3.995,5.978,7.609,8.078,5.22,5.142,4.529,3.76,3.175,2.215,1.016,3.053,2.05
14.0,8.25,8.148,3.528,1.321,0.812,1.229,1.614,1.952,2.715,3.583,3.674,3.404,2.596,2.745,2.948,3.119,3.222,3.565,4.155,4.221,2.306,0.746,0.534,0.501,0.478,0.942,1.425,5.708,7.642,6.146,4.825,2.538,1.107,1.156,1.209,2.973,3.483,3.828,4.06,4.347,4.05,3.934,3.514,1.7,1.58,1.177,0.826,1.029,4.392,6.081,7.75,8.367,6.153,5.579,4.656,3.728,3.36,2.676,1.124,3.295,2.095
15.0,8.811,8.663,4.718,1.512,1.19,1.397,1.743,2.187,3.044,3.613,3.602,3.425,2.646,2.936,3.216,3.444,3.435,3.608,4.323,4.602,2.963,0.808,0.656,0.55,0.729,0.973,1.854,6.199,8.053,6.424,5.265,3.421,1.612,1.263,1.565,3.334,3.489,3.75,3.999,4.303,4.005,3.867,3.52,2.695,1.766,1.366,0.902,1.34,4.526,6.237,7.762,8.597,7.337,5.999,4.969,3.891,3.443,3.025,1.819,3.566,2.143
16.0,9.53,8.938,5.74,1.895,1.247,1.57,1.908,2.434,3.265,3.617,3.617,3.55,2.878,3.152,3.363,3.534,3.549,3.684,4.572,4.902,3.527,1.23,0.716,0.593,0.834,0.995,2.501,6.821,8.439,6.705,5.343,3.943,2.086,1.455,1.905,3.336,3.483,3.715,3.929,4.273,4.071,3.826,3.589,3.158,1.967,1.433,1.114,3.041,4.913,6.384,7.928,8.96,8.132,6.263,5.103,3.837,3.515,3.161,2.316,3.822,2.195
17.0,10.054,9.049,6.17,2.192,1.407,1.759,2.198,2.779,3.39,3.587,3.627,3.543,3.109,3.351,3.537,3.589,3.584,3.809,4.752,5.086,4.07,1.686,0.771,0.732,0.93,1.182,4.175,7.382,8.811,7.264,5.517,4.373,2.194,1.716,2.39,3.365,3.461,3.693,3.835,4.187,4.002,3.799,3.568,3.217,2.016,1.499,1.334,3.705,5.166,6.806,8.206,9.338,8.972,6.414,5.326,4.242,3.551,3.224,2.738,4.058,2.265
18.0,10.59,9.204,6.35,2.447,1.897,1.842,2.358,2.931,3.419,3.559,3.64,3.55,3.261,3.505,3.6,3.604,3.576,3.89,4.857,5.171,4.791,1.916,1.072,0.853,0.962,1.295,4.825,7.711,9.182,7.461,5.707,4.668,2.496,2.025,2.862,3.366,3.45,3.636,3.753,4.003,3.921,3.751,3.528,3.281,2.152,1.701,2.035,3.951,5.437,6.941,8.619,9.571,9.173,6.68,5.443,4.348,3.571,3.301,3.031,4.233,2.298
19.0,11.012,9.645,6.875,3.794,2.132,1.989,2.484,3.096,3.451,3.59,3.852,3.568,3.352,3.512,3.593,3.567,3.571,3.975,4.977,5.296,5.295,2.585,1.29,1.177,0.999,1.971,5.244,8.081,9.603,7.504,6.054,4.968,3.334,2.357,3.059,3.333,3.423,3.573,3.696,3.828,3.783,3.632,3.459,3.317,2.859,1.852,3.581,4.224,5.689,7.197,9.006,9.861,9.335,7.357,5.497,4.636,3.568,3.384,3.161,4.476,2.324
20.0,11.242,9.89,7.579,4.779,2.544,2.323,2.752,3.27,3.482,3.683,4.207,3.619,3.471,3.52,3.617,3.551,3.57,4.193,5.051,6.002,6.224,4.827,1.743,1.398,1.261,3.521,6.087,8.667,9.934,7.929,6.257,5.195,4.037,2.869,3.211,3.301,3.401,3.531,3.647,3.735,3.656,3.531,3.403,3.295,3.191,2.35,3.907,4.274,5.969,7.582,9.664,10.021,9.588,7.438,5.402,4.801,3.682,3.533,3.331,4.775,2.353
22.0,11.457,10.451,8.44,6.018,2.993,2.831,3.18,3.465,3.669,4.357,4.815,3.617,3.562,3.64,3.586,3.521,3.709,4.598,5.316,6.83,7.9,7.516,4.11,2.996,3.478,4.963,7.027,9.519,10.454,9.175,7.094,5.864,4.879,3.894,3.229,3.256,3.357,3.463,3.55,3.577,3.501,3.443,3.356,3.505,3.756,4.465,4.341,5.162,6.953,8.406,10.446,10.198,10.25,7.615,5.524,5.088,4.215,3.668,3.506,5.369,2.424
24.0,11.701,11.346,9.24,7.259,5.191,3.379,3.571,3.689,3.997,4.877,4.998,3.638,3.59,3.613,3.508,3.517,3.925,4.874,6.41,7.942,9.144,9.533,7.33,5.261,5.21,6.291,8.491,10.647,10.862,10.185,8.144,6.591,5.558,4.661,3.324,3.21,3.285,3.408,3.453,3.454,3.417,3.4,3.594,3.71,4.58,4.775,5.276,6.282,7.84,9.799,11.22,10.561,10.553,8.44,6.246,5.128,4.523,3.69,3.663,6.017,2.653
26.0,11.782,11.972,10.041,8.385,6.44,4.731,3.914,3.986,4.891,5.571,5.05,3.827,3.625,3.588,3.515,3.589,4.33,5.197,6.917,8.856,10.133,10.695,10.391,8.418,7.425,8.502,10.057,11.511,11.205,10.603,9.448,7.456,6.236,5.011,4.568,3.34,3.25,3.332,3.364,3.331,3.392,3.591,3.667,4.529,5.309,5.852,6.459,7.536,8.818,10.418,11.6,11.113,11.017,8.507,6.762,5.388,4.846,3.762,3.65,6.69,2.88
28.0,11.969,12.265,11.425,9.255,7.646,6.143,5.406,5.399,6.654,7.263,5.755,4.452,3.604,3.526,3.501,3.835,4.76,6.255,7.968,9.604,11.002,11.577,11.721,11.349,10.599,10.629,11.423,11.795,11.309,10.857,10.402,8.679,6.861,5.549,4.766,3.944,3.309,3.284,3.3,3.326,3.565,3.699,4.481,5.525,6.899,7.359,8.046,8.788,10.096,11.059,11.695,11.6,11.472,9.388,7.84,6.192,5.061,4.156,3.615,7.507,3.071
30.0,12.071,12.552,12.468,10.552,8.78,7.46,6.831,7.223,8.546,8.582,7.159,4.886,3.601,3.56,3.632,4.294,4.893,6.553,8.999,10.816,11.698,12.096,12.124,12.232,12.019,11.987,12.094,11.792,11.525,11.085,10.714,9.981,7.845,6.441,5.114,4.75,3.635,3.317,3.252,3.525,3.694,4.487,5.432,6.642,7.873,8.432,9.259,9.668,10.553,11.157,11.803,12.155,11.836,9.867,8.252,6.715,5.286,4.564,3.619,8.169,3.151
32.0,12.313,12.665,12.851,12.06,10.302,8.86,8.79,9.288,9.873,9.505,8.007,4.927,3.714,3.715,4.006,4.697,5.701,7.974,9.556,11.136,12.189,12.448,12.481,12.502,12.465,12.359,12.237,12.09,11.582,11.345,11.045,10.555,9.087,7.615,6.137,4.999,4.412,3.619,3.287,3.964,4.483,4.971,6.208,7.579,8.417,9.101,9.522,10.299,10.952,11.365,12.154,12.577,12.216,10.499,9.347,7.838,5.977,4.915,4.053,8.794,3.11
34.0,12.411,12.84,12.95,12.835,11.892,10.8,10.584,10.805,11.06,10.626,9.105,5.37,4.361,4.369,4.616,4.947,6.469,8.277,10.541,11.903,12.497,12.777,12.725,12.715,12.666,12.538,12.478,12.16,11.924,11.543,11.245,10.934,10.336,8.953,7.78,6.174,5.038,4.261,3.579,4.681,4.98,5.903,7.029,8.338,8.982,9.373,9.916,10.535,11.184,11.668,12.317,12.981,12.486,11.217,9.692,8.241,6.469,5.015,4.46,9.399,3.019
36.0,12.623,12.86,13.036,12.979,12.649,12.134,11.846,11.782,11.72,11.393,9.647,6.572,4.788,4.832,4.895,5.507,7.73,9.551,11.14,12.383,12.813,12.896,12.975,12.898,12.885,12.753,12.649,12.457,12.02,11.813,11.466,11.16,10.585,9.815,9.207,7.597,5.711,4.929,3.979,5.371,5.678,6.456,7.953,8.924,9.376,9.904,10.374,11.032,11.498,11.953,12.45,13.015,12.792,11.668,10.683,9.515,7.288,5.251,4.87,9.945,2.879
38.0,12.7,12.939,13.021,12.982,12.845,12.629,12.427,12.234,12.203,11.91,10.834,7.634,4.903,4.899,4.947,6.458,8.158,10.258,11.879,12.625,12.912,13.053,13.039,13.035,13.027,12.878,12.804,12.591,12.333,12.041,11.736,11.349,10.96,10.414,9.678,8.834,7.012,5.697,4.851,6.101,6.39,7.452,8.795,9.346,9.849,10.155,10.796,11.318,11.732,12.212,12.631,12.988,12.968,12.289,11.323,9.736,8.067,6.254,4.952,10.374,2.704
40.0,12.867,12.867,12.867,12.867,12.867,12.867,12.867,12.867,12.867,12.867,12.867,12.867,12.867,12.867,12.867,12.867,12.867,12.867,12.867,12.867,12.867,12.867,12.867,12.867,12.867,12.867,12.867,12.867,12.867,12.867,12.867,12.867,12.867,12.867,12.867,12.867,12.867,12.867,12.867,12.867,12.867,12.867,12.867,12.867,12.867,12.867,12.867,12.867,12.867,12.867,12.867,12.867,12.867,12.867,12.867,12.867,12.867,12.867,12.867,12.867,0.0
mean,9.095,7.755,5.739,4.372,3.658,3.369,3.429,3.632,4.026,4.476,4.797,3.784,2.89,2.974,2.871,3.049,3.653,4.467,5.372,5.544,5.123,4.594,4.135,3.909,3.88,4.18,5.018,6.516,7.72,6.939,5.672,4.631,3.691,3.206,3.127,3.285,3.354,3.935,4.035,3.751,4.014,3.946,3.648,3.614,3.588,3.488,3.66,4.161,5.253,6.641,8.308,7.942,7.395,5.984,5.731,4.822,3.69,2.885,2.452
std dev,3.266,4.525,4.886,4.814,4.489,4.139,3.983,3.956,3.971,3.678,2.878,2.289,2.333,2.292,2.432,2.559,2.627,2.905,3.329,4.117,4.858,5.224,5.244,5.15,5.047,4.966,4.872,4.504,3.786,3.678,4.007,4.054,3.911,3.588,3.202,2.74,2.431,2.114,2.015,2.181,2.043,2.225,2.774,3.124,3.478,3.769,4.021,4.172,4.151,3.896,3.592,4.046,4.054,3.838,2.857,2.743,2.721,2.634,2.568
