model,gGSP
PZ33_Perez_1_vs_PZ33__4_B_refined,22.132
