,"""A2""","""A3""","""A4""","""A5""","""A6""","""A7""","""A8""","""A9""","""A10""","""A11""","""A12""","""A13""","""A14""","""A15""","""A16""","""A17""","""A18""","""A19""","""A20""","""A21""","""A22""","""A23""","""A24""","""A25""","""A26""","""A27""","""A28""","""A29""","""A30""","""A31""","""A32""","""A33""","""A34""","""A35""","""A36""","""A37""","""A38""","""A39""","""A40""","""A41""","""A42""","""A43""","""A44""","""A45""","""A46"""
radius,G,A,G,U,A,G,A,A,G,C,G,U,U,C,A,G,C,G,G,C,C,G,A,A,A,G,G,C,C,G,C,C,C,G,G,A,A,A,U,U,G,C,U,C,C,mean,std dev
2.0,0.034,0.021,0.023,0.034,0.037,0.02,0.023,0.039,0.028,0.031,0.037,0.034,0.031,0.015,0.031,0.024,0.032,0.027,0.026,0.032,0.029,0.019,0.018,0.034,0.031,0.015,0.029,0.034,0.033,0.037,0.029,0.029,0.032,0.039,0.027,0.028,0.03,0.028,0.032,0.037,0.024,0.031,0.031,0.034,0.038,0.029,0.006
3.0,0.178,0.071,0.054,0.6,0.994,0.394,0.53,1.013,0.221,0.298,1.134,0.133,0.296,0.282,0.902,0.05,0.055,0.095,0.076,0.117,0.054,0.049,0.788,0.741,0.88,0.069,0.095,0.048,0.05,0.1,0.083,0.699,0.188,0.795,0.185,0.065,0.062,0.038,0.799,0.063,0.144,0.127,0.047,0.067,0.87,0.324,0.34
4.0,0.252,0.279,0.11,0.671,1.603,0.559,1.093,1.543,2.674,0.555,2.09,0.215,0.373,0.385,1.388,1.263,0.281,0.159,0.139,0.155,0.101,0.305,1.101,1.825,1.323,1.874,0.149,0.128,0.261,0.282,0.33,3.265,0.218,3.772,0.554,0.204,0.14,0.26,0.916,2.311,6.835,0.853,0.109,0.114,0.783,0.973,1.248
5.0,0.468,0.348,0.392,2.98,3.611,1.118,1.544,3.417,4.089,0.643,5.733,0.696,0.422,0.794,1.588,1.529,0.37,0.297,0.45,0.369,0.315,1.94,1.89,2.463,2.26,2.101,0.486,0.289,0.4,0.418,2.742,4.246,6.171,4.654,1.126,0.343,0.525,0.465,1.807,6.472,6.401,1.157,0.205,0.243,0.728,1.793,1.817
6.0,0.454,0.382,0.45,3.298,4.341,1.463,2.95,5.716,4.746,3.63,5.687,1.26,0.672,0.835,1.548,1.671,0.38,0.315,0.552,0.406,0.38,1.945,2.084,2.475,2.15,2.096,0.493,0.377,0.482,0.468,3.216,5.005,7.713,5.704,1.447,0.491,0.642,0.549,3.307,5.867,6.175,1.364,0.243,0.381,0.636,2.143,2.025
7.0,0.499,0.431,0.497,3.613,6.282,1.798,3.376,6.15,5.322,4.584,6.342,1.415,0.688,0.969,1.475,2.301,0.405,0.35,0.56,0.459,0.42,2.286,2.042,2.707,2.139,2.04,1.4,0.459,0.489,0.487,3.536,5.12,7.586,7.761,2.32,1.332,0.799,0.644,4.012,6.134,5.975,1.554,0.327,0.444,0.601,2.447,2.225
8.0,0.545,0.477,0.558,3.682,6.828,2.214,3.628,6.116,6.121,5.889,6.705,1.92,0.662,1.227,1.492,2.731,2.103,0.444,0.634,0.547,0.632,2.334,2.098,2.693,2.5,2.106,1.624,0.562,0.531,0.487,3.492,4.825,7.543,7.573,2.529,2.324,0.887,1.07,4.446,6.539,5.631,2.093,0.407,0.542,0.595,2.68,2.239
9.0,0.549,0.544,0.788,3.579,7.046,3.244,4.649,5.948,6.54,6.613,6.701,3.467,0.903,1.256,2.003,3.186,2.79,0.504,0.759,0.787,1.128,2.36,2.69,2.628,2.758,2.005,1.797,0.738,0.632,1.996,3.498,4.737,7.255,7.063,3.282,2.585,2.323,2.99,5.215,6.758,5.531,4.661,0.953,0.535,0.603,3.079,2.161
10.0,0.593,0.608,2.252,3.514,7.066,3.642,5.075,5.608,6.598,6.612,6.6,4.518,1.132,1.334,2.256,3.337,3.206,0.578,0.795,0.92,1.397,2.311,2.67,2.638,2.625,2.05,1.774,0.876,0.692,2.496,3.796,4.897,6.878,6.758,3.588,2.754,2.875,3.919,6.039,6.791,5.413,5.012,1.235,0.512,0.604,3.263,2.106
11.0,0.592,0.646,2.762,3.687,6.95,5.43,5.372,5.685,6.737,6.719,6.44,5.13,2.579,2.312,2.439,3.459,3.189,1.418,0.906,0.983,1.705,2.265,2.634,2.603,2.615,2.404,1.806,0.978,0.777,2.72,3.842,5.035,6.454,6.774,4.158,3.163,3.74,4.701,6.377,6.843,5.759,4.839,1.579,0.516,0.585,3.518,2.06
12.0,0.612,0.649,2.878,4.797,6.823,5.794,5.709,5.847,6.736,6.824,6.149,5.434,3.879,3.291,3.377,3.455,3.155,2.569,1.011,1.128,1.847,2.229,2.511,2.542,2.571,2.452,1.953,1.256,1.326,2.988,4.143,5.174,5.979,6.859,5.108,4.163,4.004,5.018,6.418,6.642,5.935,4.794,2.902,0.578,0.56,3.779,1.985
13.0,0.62,1.776,3.114,5.608,6.583,6.292,6.006,6.201,6.82,6.845,6.221,5.572,4.402,3.815,3.741,3.524,3.164,2.722,1.121,1.371,1.99,2.192,2.49,2.449,2.548,2.513,2.085,1.812,2.237,3.715,4.285,5.226,5.868,6.799,5.953,5.207,4.797,5.383,6.622,6.603,5.843,4.698,2.888,0.644,0.546,4.02,1.959
14.0,0.968,2.588,3.32,5.88,6.418,6.487,6.139,6.423,6.943,6.976,6.267,5.526,4.827,4.12,3.952,3.675,3.213,2.787,1.201,1.438,2.07,2.157,2.478,2.417,2.661,2.574,2.329,2.076,2.881,3.996,4.567,5.136,5.778,6.752,6.275,5.875,5.454,5.665,6.684,6.429,5.946,5.1,3.721,0.793,0.537,4.211,1.931
15.0,1.953,3.003,3.76,5.977,6.382,6.67,6.174,6.464,7.024,7.07,6.324,5.435,4.88,4.512,4.152,3.859,3.308,2.851,1.813,1.704,2.079,2.12,2.384,2.362,2.621,2.612,2.413,2.226,3.201,4.113,4.545,5.156,5.888,6.567,6.395,6.2,5.883,6.119,6.635,6.432,5.962,5.354,4.353,1.941,0.55,4.387,1.843
16.0,2.466,3.286,4.513,5.9,6.316,6.737,6.396,6.552,7.018,6.943,6.332,5.468,5.066,4.652,4.386,4.113,3.539,3.027,2.584,1.83,2.075,2.113,2.33,2.394,2.66,2.61,2.634,2.744,3.518,4.25,4.443,5.106,6.121,6.53,6.393,6.285,6.123,6.404,6.639,6.394,5.944,5.488,4.402,2.777,0.624,4.536,1.759
17.0,2.89,3.531,5.0,5.858,6.261,6.683,6.692,6.68,6.825,6.835,6.298,5.614,5.068,4.685,4.544,4.338,3.715,3.241,2.857,1.94,2.088,2.154,2.312,2.367,2.701,2.585,2.665,3.249,3.802,4.3,4.689,5.239,6.152,6.48,6.326,6.329,6.333,6.595,6.617,6.319,5.988,5.566,4.364,2.797,0.677,4.628,1.718
18.0,3.049,3.849,5.683,5.871,6.419,6.633,6.63,6.664,6.728,6.673,6.28,5.904,5.193,4.829,4.608,4.539,4.084,3.413,3.03,2.055,2.145,2.215,2.237,2.432,2.726,2.682,2.803,3.38,3.9,4.287,4.655,5.511,6.145,6.457,6.339,6.416,6.497,6.627,6.558,6.234,5.996,5.764,4.989,2.894,0.733,4.728,1.688
19.0,3.187,4.222,5.713,5.915,6.422,6.611,6.568,6.637,6.737,6.573,6.266,6.037,5.41,5.2,5.157,4.738,4.364,3.77,3.198,2.677,2.198,2.288,2.189,2.437,2.683,2.701,3.274,3.577,4.057,4.293,4.593,5.743,6.116,6.439,6.281,6.454,6.545,6.547,6.497,6.265,6.065,5.81,5.418,3.868,2.059,4.884,1.552
20.0,3.686,5.042,5.787,5.966,6.387,6.474,6.564,6.528,6.653,6.49,6.271,6.071,5.573,5.428,5.483,5.029,4.447,4.045,3.475,3.052,2.275,2.354,2.188,2.421,2.628,3.135,3.388,3.709,4.159,4.495,4.802,5.831,6.152,6.432,6.353,6.589,6.575,6.521,6.43,6.334,6.082,5.881,5.629,4.361,2.639,5.018,1.466
22.0,4.978,5.72,5.851,6.198,6.373,6.475,6.39,6.452,6.489,6.414,6.277,6.2,6.036,5.914,5.942,5.71,4.661,4.288,3.884,3.363,2.852,2.457,2.273,2.497,2.732,3.42,3.678,3.977,4.265,4.527,5.047,6.093,6.183,6.402,6.543,6.655,6.632,6.498,6.366,6.332,6.201,6.072,5.848,5.132,2.944,5.228,1.377
24.0,5.653,5.808,5.951,6.364,6.368,6.388,6.4,6.401,6.364,6.391,6.338,6.392,6.363,6.337,6.236,6.035,5.464,4.505,4.242,3.727,3.32,3.034,2.331,2.568,3.166,3.677,3.898,4.263,4.518,4.693,5.849,6.262,6.346,6.446,6.622,6.691,6.677,6.587,6.391,6.307,6.331,6.096,5.913,5.687,4.335,5.461,1.254
26.0,5.815,5.85,6.149,6.388,6.394,6.366,6.341,6.309,6.317,6.431,6.511,6.565,6.642,6.688,6.647,6.372,5.848,4.781,4.302,4.021,3.608,3.433,2.453,2.967,3.548,4.012,4.257,4.388,4.546,5.087,6.144,6.425,6.454,6.574,6.708,6.75,6.745,6.669,6.473,6.333,6.306,6.34,6.035,5.862,5.217,5.646,1.177
28.0,5.87,6.014,6.405,6.392,6.396,6.395,6.324,6.304,6.367,6.48,6.578,6.673,6.779,6.804,6.779,6.632,6.262,5.316,4.546,4.267,3.879,3.627,2.526,3.386,3.731,4.289,4.432,4.556,4.658,5.949,6.341,6.591,6.628,6.675,6.793,6.818,6.824,6.741,6.575,6.38,6.312,6.325,6.108,5.907,5.742,5.808,1.119
30.0,6.014,6.354,6.41,6.404,6.411,6.391,6.349,6.324,6.417,6.55,6.713,6.776,6.895,6.876,6.857,6.769,6.455,5.884,4.692,4.412,4.2,3.883,3.19,3.604,4.074,4.502,4.558,4.589,5.423,6.25,6.505,6.765,6.77,6.773,6.87,6.923,6.913,6.817,6.672,6.446,6.348,6.316,6.353,5.977,5.864,5.968,1.031
32.0,6.327,6.419,6.427,6.407,6.476,6.406,6.375,6.381,6.474,6.659,6.794,6.861,6.947,6.94,6.911,6.854,6.637,6.236,5.095,4.554,4.334,4.219,3.409,3.86,4.371,4.556,4.586,4.808,5.958,6.388,6.668,6.912,6.869,6.803,6.994,7.004,6.929,6.839,6.709,6.529,6.396,6.351,6.362,6.174,5.893,6.091,0.974
34.0,6.417,6.413,6.411,6.455,6.634,6.409,6.402,6.411,6.527,6.68,6.908,7.017,7.003,7.003,6.975,6.924,6.769,6.414,5.828,4.711,4.519,4.418,3.61,4.169,4.509,5.27,5.292,5.647,6.269,6.526,6.794,6.973,6.965,6.9,7.066,7.064,7.031,6.918,6.793,6.622,6.443,6.381,6.358,6.35,5.94,6.248,0.873
36.0,6.41,6.44,6.441,6.58,6.723,6.426,6.422,6.46,6.628,6.795,7.015,7.067,7.061,7.061,7.024,6.978,6.851,6.61,6.18,5.007,4.564,4.534,3.885,4.436,5.011,5.744,5.749,6.116,6.436,6.691,6.897,7.003,7.051,6.935,7.067,7.067,7.067,6.996,6.824,6.68,6.517,6.4,6.394,6.387,6.187,6.374,0.793
38.0,6.501,6.553,6.563,6.711,6.781,6.558,6.462,6.505,6.668,6.885,7.067,7.067,7.067,7.067,7.067,7.016,6.924,6.718,6.402,5.871,4.841,4.644,4.236,4.531,5.816,6.325,6.27,6.387,6.616,6.833,6.95,7.042,7.067,7.066,7.067,7.067,7.067,7.066,6.911,6.766,6.619,6.448,6.397,6.383,6.382,6.517,0.69
mean,2.771,3.119,3.724,4.833,5.762,4.860,5.092,5.599,5.815,5.575,5.860,4.660,4.030,3.951,4.106,4.147,3.631,2.977,2.513,2.211,2.180,2.496,2.395,2.666,2.858,2.944,2.711,2.616,2.933,3.531,4.374,5.216,5.878,6.099,4.870,4.602,4.504,4.667,5.420,5.852,5.683,4.531,3.556,2.782,2.267
std dev,2.434,2.493,2.460,1.922,1.844,2.351,2.023,1.759,1.838,2.234,1.705,2.375,2.588,2.480,2.222,2.073,2.224,2.236,2.011,1.731,1.482,1.170,0.837,0.922,1.158,1.432,1.702,1.981,2.180,2.207,1.884,1.620,2.055,1.749,2.381,2.605,2.651,2.617,2.053,1.796,1.585,2.123,2.472,2.475,2.276
