gGSP
29.853
