residue,rGSP
"""B1""",19.228
"""B2""",25.059
"""B3""",19.228
"""B4""",25.059
"""B5""",25.059
"""B6""",25.059
"""B7""",41.143
"""B8""",13.14
"""B9""",13.14
"""B10""",55.238
"""B11""",67.423
"""B12""",71.067
"""B13""",71.067
"""B14""",71.067
"""B15""",67.423
"""B16""",63.57
"""B17""",50.754
"""B18""",25.059
"""B19""",13.14
"""B20""",30.649
"""B21""",36.008
"""B22""",55.238
"""B23""",46.057
"""B24""",46.057
"""B25""",55.238
"""B26""",50.754
"""B27""",36.008
"""B28""",25.059
"""B29""",13.14
"""B30""",30.649
"""B31""",30.649
"""B32""",30.649
"""B33""",19.228
"""B34""",19.228
"""B35""",19.228
"""B36""",19.228
"""B37""",13.14
"""B38""",30.649
"""B39""",25.059
"""B40""",19.228
"""B41""",25.059
"""B42""",30.649
"""B43""",13.14
"""B44""",19.228
"""B45""",36.008
"""B46""",41.143
"""B47""",36.008
"""B48""",67.423
"""B49""",55.238
"""B50""",67.423
"""B51""",67.423
"""B52""",59.509
"""B53""",59.509
"""B54""",36.008
"""B55""",36.008
"""B56""",25.059
"""B57""",13.14
"""B58""",19.228
"""B59""",25.059
"""B60""",19.228
"""B61""",30.649
"""B62""",19.228
"""B63""",25.059
"""B64""",50.754
"""B65""",71.067
"""B66""",80.767
"""B67""",86.212
"""B68""",86.212
"""B69""",88.63
