gGSP
25.287
