model,gGSP
processed_CR1126_TS125_3,22.129
