gGSP
18.159
