model,gGSP
CR1149_TS245_5_vs_CR1149__5_refined,5.903
