gGSP
57.836
