gGSP
76.677
