gGSP
76.579
