gGSP
78.121
