,"""A1""","""A2""","""A3""","""A4""","""A5""","""A6""","""A7""","""A8""","""A9""","""A10""","""A11""","""A12""","""A13""","""A14""","""A15""","""A16""","""A17""","""A18""","""A19""","""A20""","""A21""","""A22""","""A23""","""A24""","""A25""","""A26""","""A27""","""A28""","""A29""","""A30""","""A31""","""A32""","""A33""","""A34""","""A35""","""A36""","""A37""","""A38""","""A39""","""A40""","""A41""","""A42""","""A43""","""A44""","""A45""","""A46""","""A47""","""A48""","""A49""","""A50""","""A51""","""A52""","""A53""","""A54""","""A55""","""A56""","""A57""","""A58""","""A59""","""A60""","""A61""","""A62""","""A63""","""A64""","""A65""","""A66""","""A67""","""A68""","""A69""","""A70""","""A71""","""A72""","""A73""","""A74""","""A75""","""A76""","""A77""","""A78""","""A79""","""A80""","""A81""","""A82""","""A83""","""A84""","""A85""","""A86""","""A87""","""A88""","""A89""","""A90""","""A91""","""A92""","""A93""","""A94""","""A95""","""A96""","""A97""","""A98""","""A99""","""A100""","""A101""","""A102""","""A103""","""A104""","""A105""","""A106""","""A107""","""A108""","""A109""","""A110""","""A111""","""A112""","""A113""","""A114""","""A115""","""A116""","""A117""","""A118""","""A119""","""A120""","""A121""","""A122""","""A123""","""A124"""
radius,G,G,A,C,A,C,G,A,G,U,A,A,C,U,C,G,U,C,U,A,U,C,U,U,C,U,G,C,A,G,G,C,U,G,C,U,U,A,C,G,G,U,U,U,C,G,U,C,C,G,U,G,U,U,G,C,A,G,C,C,G,A,U,C,A,U,C,A,G,C,A,C,A,U,C,U,A,G,G,U,U,U,C,G,U,C,C,G,G,G,U,G,U,G,A,C,C,G,A,A,A,G,G,U,A,A,G,A,U,G,G,A,G,A,G,C,C,U,U,G,U,C,C,C,mean,std dev
2.0,0.033,0.027,0.03,0.041,0.022,0.047,0.034,0.018,0.061,0.048,0.098,0.118,0.046,0.036,0.058,0.039,0.044,0.059,0.063,0.023,0.032,0.032,0.046,0.017,0.043,0.039,0.063,0.056,0.069,0.039,0.026,0.045,0.068,0.027,0.043,0.046,0.028,0.034,0.043,0.044,0.021,0.073,0.03,0.03,0.041,0.049,0.043,0.045,0.038,0.034,0.037,0.04,0.049,0.043,0.026,0.044,0.045,0.025,0.031,0.044,0.084,0.027,0.061,0.035,0.022,0.055,0.123,0.094,0.104,0.026,0.032,0.038,0.027,0.026,0.033,0.06,0.077,0.025,0.059,0.05,0.199,0.066,0.036,0.042,0.036,0.04,0.018,0.019,0.04,0.045,0.042,0.046,0.04,0.017,0.018,0.04,0.022,0.055,0.033,0.053,0.081,0.04,0.031,0.08,0.092,0.036,0.034,0.047,0.042,0.042,0.048,0.034,0.027,0.035,0.036,0.037,0.035,0.041,0.055,0.031,0.051,0.037,0.029,0.033,0.045,0.024
3.0,0.094,0.063,0.059,0.09,0.089,0.071,0.161,0.251,0.192,0.572,0.987,0.262,0.079,0.055,0.081,0.098,0.154,0.453,0.093,0.067,0.051,0.057,0.06,0.052,0.05,0.097,0.265,0.153,0.103,0.109,0.056,0.493,0.105,0.062,0.076,0.163,0.311,0.135,0.087,0.22,0.093,0.229,0.524,0.185,0.669,0.211,0.184,0.082,0.091,0.05,0.042,0.103,0.078,0.131,0.051,0.362,0.138,0.07,0.056,0.079,0.765,0.839,0.953,0.672,0.61,0.095,0.445,0.179,1.039,0.181,0.141,0.053,0.07,0.07,0.054,0.15,0.156,0.068,0.206,0.853,0.575,0.124,0.165,0.083,0.058,0.109,0.096,0.135,0.099,0.08,0.07,0.067,0.099,0.083,0.156,0.045,0.124,0.218,0.206,0.078,0.202,0.116,0.065,0.306,0.273,0.057,0.089,0.272,0.089,0.185,0.084,0.055,0.041,0.05,0.07,0.078,0.067,0.09,0.098,0.1,0.283,0.092,0.075,0.088,0.188,0.21
4.0,0.135,0.088,0.07,0.111,0.129,0.108,0.347,0.366,0.497,0.703,1.465,0.488,0.17,0.065,0.093,0.17,0.179,0.504,0.144,0.074,0.064,0.102,0.086,0.056,0.059,0.138,0.293,0.192,0.164,0.137,0.105,0.519,0.148,0.087,0.115,0.214,0.378,0.23,0.136,0.258,0.138,0.259,1.29,0.277,0.862,0.336,0.857,0.106,0.136,0.062,0.05,0.122,0.098,0.157,0.084,0.389,0.188,0.087,0.082,0.259,1.03,1.093,1.109,0.853,5.359,0.129,0.459,0.216,1.529,0.24,0.17,0.082,0.093,0.081,0.263,0.214,0.163,0.127,0.544,0.896,0.744,0.168,0.179,0.123,0.078,0.167,0.125,0.484,0.199,0.127,0.095,0.125,0.139,2.711,0.229,0.062,0.215,0.582,0.331,0.107,0.284,0.848,0.061,0.394,0.673,0.112,0.136,0.314,0.11,0.425,0.134,0.076,0.093,0.19,0.081,0.558,0.106,0.13,0.124,0.182,0.319,0.106,0.1,0.117,0.343,0.582
5.0,0.185,0.31,0.378,0.414,1.614,0.302,0.459,0.567,0.521,2.69,2.084,1.309,2.557,0.438,0.389,0.469,0.346,0.557,0.527,0.318,0.188,0.182,0.212,0.495,0.445,0.778,0.391,0.42,1.158,1.474,0.367,0.561,0.579,0.3,0.316,0.462,0.446,0.446,0.319,0.344,0.412,0.468,1.549,0.314,1.695,1.846,1.024,0.297,0.238,0.325,0.214,0.373,0.537,0.45,0.34,0.515,0.445,0.219,0.226,0.507,2.412,4.015,5.443,1.941,5.792,0.591,0.599,1.8,3.623,3.671,0.251,0.253,0.256,0.258,0.38,0.527,1.458,1.198,0.617,0.892,0.859,0.392,0.741,0.925,0.422,0.312,0.326,1.332,0.342,0.365,0.238,0.308,2.383,3.226,6.139,0.23,0.514,0.645,0.354,0.369,0.642,1.01,0.254,2.912,2.632,0.323,0.225,0.392,0.419,0.422,0.265,0.335,0.427,0.262,0.555,2.257,2.475,1.258,1.625,1.546,0.405,0.454,1.227,1.27,0.954,1.119
6.0,0.226,0.773,0.842,1.226,1.837,0.386,0.559,0.658,0.905,2.578,2.393,1.929,2.646,0.551,0.491,0.53,0.339,0.504,0.495,0.386,0.229,0.229,0.23,5.807,5.98,1.072,0.736,0.466,1.473,1.523,0.395,0.543,0.553,0.325,0.452,0.499,0.976,0.542,0.393,0.358,0.499,0.617,1.581,2.089,2.15,1.906,0.969,0.317,0.308,0.413,0.243,0.536,0.742,0.548,0.487,0.492,0.439,0.253,0.294,0.631,3.68,4.631,5.939,2.345,5.933,0.87,0.85,2.228,4.376,4.309,0.266,0.281,0.269,0.381,0.406,0.813,1.72,1.209,0.785,1.173,1.209,0.552,1.03,0.975,0.472,0.448,0.757,1.76,0.374,0.445,0.392,0.366,3.738,6.818,10.258,0.335,0.756,0.927,0.529,0.51,0.796,0.979,0.277,3.641,4.506,0.378,0.261,0.382,0.457,0.405,0.3,0.439,0.496,0.304,0.737,2.729,2.627,1.604,1.836,1.804,1.162,1.357,1.371,1.349,1.321,1.609
7.0,1.085,0.964,1.078,1.741,1.913,1.077,1.206,0.919,1.113,2.837,2.572,2.583,2.631,0.664,0.501,0.563,0.38,0.468,0.488,0.413,0.269,0.265,0.266,8.821,8.397,1.498,0.775,0.506,1.659,2.206,2.177,0.565,0.537,0.372,0.471,0.731,0.954,0.697,0.432,0.382,0.528,0.757,1.679,2.786,3.05,1.887,1.219,0.404,0.371,0.424,0.295,0.613,0.844,0.599,0.588,0.493,0.445,0.3,0.335,0.725,4.302,5.281,5.703,4.12,6.496,1.154,1.143,2.312,5.099,5.132,0.288,1.907,2.899,0.465,0.453,1.039,1.783,1.265,0.977,1.135,1.623,0.726,1.08,1.083,0.502,0.551,1.166,1.853,0.443,0.521,0.413,0.418,5.1,6.908,10.767,0.368,0.863,1.049,0.575,0.565,0.844,0.963,0.528,4.135,5.294,0.423,0.273,0.398,0.468,0.395,0.321,0.516,0.58,0.46,0.969,3.007,2.893,1.715,2.064,2.169,1.529,1.463,1.433,1.342,1.607,1.865
8.0,1.184,1.123,1.367,1.996,2.115,2.127,1.478,1.09,1.655,2.912,3.089,2.955,2.797,0.731,0.706,0.614,0.543,0.487,0.481,0.443,0.288,0.288,0.285,9.251,9.863,1.93,1.159,1.082,1.849,2.958,2.485,0.579,0.561,0.41,0.515,0.845,1.005,0.806,0.552,0.435,0.54,0.953,1.693,3.587,3.535,1.953,1.353,0.434,0.418,0.458,0.442,0.671,0.913,0.904,0.711,0.504,0.486,0.338,0.421,1.627,5.133,5.952,5.867,4.555,6.172,1.833,1.291,2.433,5.347,6.379,4.007,3.541,4.124,0.519,0.475,1.322,1.819,1.44,1.281,1.175,1.657,1.145,1.109,1.113,0.66,0.721,1.438,1.841,1.649,0.595,0.563,0.45,5.33,8.992,11.256,4.405,0.89,1.089,0.593,0.664,0.843,0.937,0.715,4.901,6.053,2.211,0.317,0.409,0.521,0.406,0.366,0.566,0.636,0.893,1.19,2.84,3.106,2.01,2.24,2.308,2.188,1.747,1.756,1.534,1.94,2.069
9.0,1.508,1.803,1.913,2.221,2.461,2.53,1.892,1.71,2.442,3.225,3.579,3.557,3.072,2.065,0.808,0.75,0.621,0.489,0.526,0.512,0.518,0.345,0.303,9.254,10.572,4.384,1.687,1.291,2.276,3.273,2.852,0.611,0.606,0.492,0.56,0.886,0.989,0.908,0.631,0.561,0.669,1.055,1.706,3.492,3.477,2.047,1.534,0.943,0.561,0.528,0.542,0.715,0.971,0.979,0.77,0.568,0.546,0.443,0.514,2.17,5.487,6.066,5.951,5.204,5.917,3.569,1.388,3.247,5.677,7.535,6.666,4.798,5.205,0.553,0.566,1.419,1.855,1.806,1.519,1.231,1.626,1.417,1.215,1.186,0.976,0.881,1.576,1.824,1.614,0.648,0.641,2.6,5.392,8.716,11.159,5.627,0.929,1.074,0.666,0.771,0.861,0.919,0.933,5.082,6.688,4.874,0.385,0.464,0.588,0.525,0.543,0.626,0.785,1.167,1.777,2.791,2.857,2.165,2.586,2.458,2.426,2.146,1.977,1.702,2.245,2.185
10.0,1.58,2.074,2.12,2.362,2.599,2.62,1.929,1.952,2.709,3.229,4.097,3.516,3.151,2.52,0.868,0.835,0.713,0.571,0.586,0.586,0.55,0.418,3.876,9.365,10.747,5.516,1.982,1.469,2.26,4.083,2.986,0.618,0.62,0.555,0.65,0.903,1.001,1.03,0.649,0.63,0.701,1.11,1.789,3.4,3.305,2.323,1.533,0.998,0.618,0.567,0.625,0.759,0.988,0.973,0.889,0.736,0.564,0.546,0.588,2.842,6.104,5.798,5.996,6.126,6.915,4.022,1.678,3.798,6.187,7.58,6.859,5.498,5.723,0.569,0.605,1.493,1.895,1.865,1.623,1.294,1.573,1.44,1.332,1.216,1.251,1.164,1.712,1.826,1.592,0.684,0.655,3.61,6.333,8.952,11.247,7.616,0.979,1.11,0.766,0.848,0.863,0.955,2.037,5.188,7.289,6.38,0.433,0.525,0.637,0.858,0.601,0.692,1.011,1.38,2.031,2.679,2.76,2.3,2.726,2.857,2.57,2.311,2.068,1.734,2.474,2.315
11.0,1.737,2.474,2.442,2.565,2.672,2.681,2.32,2.106,2.878,3.266,4.2,3.315,3.201,2.639,1.05,0.886,0.757,0.645,0.649,0.666,0.603,0.453,6.367,9.39,11.149,6.529,1.859,1.861,2.691,4.2,3.739,1.356,0.628,0.654,0.734,0.92,1.035,1.062,0.71,0.682,0.761,1.216,1.95,3.26,3.251,2.693,1.538,1.057,0.644,0.617,0.736,0.847,0.972,0.98,0.951,0.765,0.578,0.617,0.676,3.019,6.681,5.568,5.988,6.042,7.397,4.344,1.92,4.262,6.753,7.834,7.353,5.642,6.874,2.059,0.792,1.514,1.868,1.85,1.691,1.344,1.563,1.509,1.298,1.358,1.454,1.425,1.769,1.834,1.619,0.698,0.655,4.794,7.596,9.134,11.58,8.556,1.699,1.109,0.97,0.861,0.86,0.973,3.359,5.948,7.75,6.838,0.474,0.547,0.645,1.018,1.28,1.014,1.361,1.577,2.404,2.756,2.831,2.715,2.81,2.977,2.767,2.413,2.089,1.747,2.704,2.448
12.0,2.691,2.791,2.877,2.942,2.98,2.925,2.732,2.259,2.975,3.179,4.12,3.234,3.16,2.749,1.376,0.952,0.818,1.193,1.33,0.693,0.642,0.516,6.77,9.304,11.435,7.67,3.456,2.466,2.992,4.249,3.836,2.246,0.653,0.726,0.836,0.933,1.058,1.069,0.903,0.774,0.813,1.337,2.186,3.068,3.126,2.81,1.487,1.13,0.681,0.681,0.821,0.969,1.003,0.981,0.971,0.795,0.601,0.661,0.906,3.476,7.178,5.309,5.831,5.795,8.736,4.738,2.564,4.811,7.141,8.227,7.846,6.806,6.83,2.553,1.134,1.539,1.836,1.894,1.805,1.472,1.463,1.538,1.357,1.41,1.492,1.614,1.845,1.824,1.616,1.157,0.657,5.964,8.114,10.135,11.789,9.378,5.64,1.143,0.997,0.895,0.86,1.004,3.4,6.365,7.923,7.135,2.517,0.58,0.853,1.215,1.447,1.273,1.478,1.73,2.834,3.072,2.796,3.123,2.97,3.005,2.945,2.911,2.489,1.929,2.975,2.561
13.0,3.188,3.171,3.232,3.2,3.114,3.066,2.872,2.376,3.114,3.117,3.962,3.112,3.067,2.878,1.658,1.017,1.014,1.812,2.998,2.716,0.676,3.346,7.484,9.453,11.796,8.725,4.491,2.59,3.702,4.372,3.867,2.526,0.667,0.746,0.888,0.959,1.051,1.096,0.91,0.803,0.935,1.39,2.411,2.981,2.987,2.72,1.593,1.234,0.832,0.731,0.867,1.008,1.014,1.033,1.031,0.847,0.677,0.668,1.023,4.081,7.487,5.288,5.541,5.704,9.446,5.105,3.499,5.906,7.764,8.716,8.473,7.69,7.356,5.209,1.223,1.629,1.881,1.967,1.845,1.632,1.455,1.542,1.378,1.498,1.577,1.816,1.874,1.907,1.861,1.303,0.677,7.295,9.643,11.012,11.696,9.788,7.157,2.049,1.049,0.9,0.877,4.427,5.359,7.585,8.139,7.411,5.328,0.618,1.224,2.254,1.594,1.595,1.671,2.141,3.033,3.087,2.873,3.255,3.104,3.123,3.085,2.959,2.479,2.05,3.347,2.719
14.0,3.437,3.484,3.552,3.427,3.282,3.114,2.941,2.755,3.116,3.095,3.909,3.099,3.055,2.869,2.103,1.217,1.333,2.108,3.54,3.13,2.343,4.486,8.028,9.784,11.866,9.613,5.672,2.76,4.061,4.614,3.933,2.652,0.681,0.827,0.911,0.999,1.071,1.086,1.007,0.894,1.046,1.486,2.358,2.85,2.789,2.609,1.717,1.326,0.952,0.842,0.967,1.034,1.028,1.071,1.079,1.043,0.898,0.698,3.043,5.432,8.752,5.456,5.377,5.678,9.686,5.825,5.477,7.085,8.383,9.041,8.63,8.249,7.409,5.804,1.315,1.707,1.908,1.954,1.91,1.724,1.485,1.557,1.411,1.632,1.696,1.893,1.915,2.128,2.256,2.347,2.273,8.625,10.429,11.97,11.795,10.135,7.527,3.685,1.039,1.033,0.931,5.759,6.521,8.318,8.699,7.614,5.831,0.669,1.683,2.341,2.042,1.629,1.807,2.438,3.193,3.323,2.925,3.313,3.215,3.246,3.166,3.098,2.568,2.078,3.667,2.857
15.0,3.439,3.614,3.694,3.565,3.359,3.228,3.075,3.194,3.146,3.08,3.722,3.061,3.023,2.902,2.377,1.366,1.82,2.57,3.87,4.742,4.355,6.091,8.58,10.422,12.425,10.245,6.018,3.746,4.383,4.84,4.172,2.99,0.716,0.867,0.937,1.037,1.071,1.104,1.091,0.937,1.146,1.631,2.292,2.724,2.542,2.533,1.983,1.416,1.058,0.884,1.002,1.029,1.047,1.111,1.184,1.218,1.256,1.322,4.71,6.919,9.6,5.841,5.657,5.674,9.92,7.214,7.505,8.053,9.393,9.282,9.073,9.109,7.813,6.149,1.386,1.765,1.915,1.947,1.955,1.815,1.502,1.542,1.573,1.777,1.807,1.939,1.933,2.155,2.934,3.203,5.408,9.597,11.208,12.897,12.194,10.532,8.434,4.872,4.935,1.044,0.988,7.011,8.342,9.387,9.88,7.959,6.047,0.827,2.22,2.328,2.246,1.756,1.967,2.679,3.19,3.385,3.229,3.396,3.288,3.337,3.411,3.069,2.571,2.096,4.073,3.091
16.0,3.558,3.7,3.817,3.703,3.546,3.432,3.289,3.385,3.109,3.06,3.554,3.021,3.087,2.89,2.467,1.671,2.023,3.819,4.683,5.975,6.423,6.996,8.944,11.209,12.674,10.856,7.632,4.664,4.422,5.111,4.508,3.208,0.819,0.905,0.967,1.037,1.079,1.126,1.191,1.1,1.261,1.698,2.227,2.628,2.367,2.439,2.129,1.443,1.081,0.959,1.036,1.033,1.093,1.135,1.344,1.374,1.526,2.125,5.675,8.068,10.361,6.511,6.688,6.565,10.239,8.899,9.005,9.258,9.959,9.494,9.77,9.859,8.055,6.698,1.474,1.795,1.917,1.941,1.982,1.876,1.492,1.546,1.689,1.873,1.912,1.947,2.0,2.426,3.232,4.275,6.943,9.906,11.994,13.812,12.89,10.884,8.764,6.453,7.699,4.307,4.205,9.022,9.383,10.43,11.011,8.446,6.553,3.687,2.243,2.299,2.316,2.021,2.272,2.773,3.252,3.548,3.545,3.461,3.494,3.482,3.521,3.287,2.798,2.286,4.541,3.339
17.0,3.556,3.712,3.836,3.846,3.708,3.535,3.341,3.436,3.137,3.049,3.408,3.03,3.131,2.966,2.557,1.726,2.254,4.131,5.298,6.358,6.886,8.499,9.291,11.916,12.895,11.44,8.155,5.667,4.68,5.035,4.481,3.291,1.831,0.924,0.981,1.043,1.075,1.184,1.253,1.207,1.457,1.963,2.183,2.533,2.2,2.326,2.185,1.505,1.195,1.027,1.069,1.049,1.104,1.223,1.394,1.537,1.747,3.37,6.532,8.486,10.976,7.678,7.477,7.369,10.444,9.916,10.298,10.405,10.603,9.952,10.581,10.457,8.385,6.998,2.01,1.771,1.912,1.958,2.008,1.951,1.489,1.561,1.8,1.885,1.925,1.953,2.158,2.862,3.573,5.007,8.452,10.099,12.655,14.344,13.338,11.147,9.346,7.422,10.297,8.364,5.612,9.519,10.507,12.162,11.761,9.475,6.741,4.511,2.198,2.319,2.341,2.305,2.431,2.866,3.255,3.52,3.687,3.657,3.674,3.635,3.65,3.346,2.982,2.48,4.914,3.615
18.0,3.587,3.714,3.848,3.92,3.773,3.593,3.334,3.49,3.231,3.035,3.237,3.075,3.245,3.101,2.62,1.966,2.903,4.584,6.234,6.786,7.616,9.232,9.927,12.404,13.06,11.384,8.897,6.366,5.559,5.205,4.447,3.277,2.077,0.93,1.005,1.031,1.109,1.224,1.271,1.379,1.61,2.076,2.129,2.438,2.123,2.204,2.092,1.623,1.296,1.102,1.09,1.05,1.107,1.376,1.437,1.785,1.968,4.509,7.27,9.347,11.632,8.156,7.792,8.067,10.647,10.639,11.155,11.028,10.601,10.484,11.47,11.046,9.124,7.343,3.898,1.771,1.908,1.996,2.01,1.971,1.552,1.701,1.816,1.911,1.931,1.931,2.182,3.071,4.61,5.877,9.468,10.532,12.881,14.438,14.613,11.352,9.785,8.999,11.228,9.714,7.474,10.396,11.23,13.38,12.382,10.302,6.975,4.854,2.218,2.326,2.365,2.376,2.609,2.958,3.31,3.537,3.785,3.805,3.808,3.718,3.736,3.539,3.129,2.623,5.238,3.844
19.0,3.735,3.751,3.879,3.972,3.853,3.634,3.454,3.55,3.296,3.02,3.183,3.169,3.31,3.211,2.689,2.45,3.8,5.123,6.422,7.364,8.038,9.719,10.686,12.916,13.125,11.682,9.242,6.989,6.347,5.909,4.443,3.491,2.243,0.954,1.007,1.047,1.229,1.342,1.505,1.643,1.862,2.04,2.073,2.335,2.058,2.087,1.991,1.723,1.388,1.202,1.104,1.076,1.195,1.431,1.673,1.893,2.276,5.243,7.946,9.847,12.455,9.374,8.742,8.54,10.818,11.001,11.425,11.299,10.709,11.058,12.307,11.517,9.697,7.508,4.375,1.802,1.894,2.001,2.009,1.99,1.688,1.817,1.872,1.917,1.909,1.901,2.237,3.258,4.815,7.047,9.861,10.896,13.122,14.805,15.342,12.407,10.288,10.461,11.453,11.206,8.866,11.326,12.338,13.577,12.832,10.764,7.317,5.526,3.123,2.279,2.368,2.543,2.734,3.058,3.369,3.582,3.766,3.971,3.963,3.863,3.838,3.615,3.295,2.844,5.536,4.045
20.0,3.878,3.907,3.934,4.028,3.925,3.741,3.644,3.6,3.317,2.997,3.125,3.283,3.359,3.244,2.849,2.647,3.976,5.267,6.647,7.577,8.918,10.171,11.442,13.538,13.362,11.83,9.614,7.908,7.268,6.762,5.003,3.981,2.352,1.118,1.018,1.195,1.322,1.431,1.659,1.877,1.972,2.001,2.025,2.253,2.02,1.992,1.929,1.788,1.494,1.246,1.113,1.1,1.307,1.502,1.746,1.966,2.389,5.85,8.602,10.829,13.061,10.573,9.266,9.086,11.094,11.122,11.442,11.391,10.938,11.601,13.26,12.294,10.466,7.728,5.21,1.884,1.906,2.004,2.012,2.001,1.79,1.864,1.891,1.922,1.893,2.009,2.595,3.611,5.331,7.73,10.121,10.998,13.963,15.548,16.056,13.257,11.566,12.015,11.391,12.771,10.769,12.113,13.27,13.693,13.337,11.341,8.027,6.151,3.868,2.65,2.514,2.695,2.856,3.141,3.427,3.648,3.78,4.017,4.058,3.965,3.904,3.773,3.505,3.182,5.856,4.283
22.0,4.133,4.104,4.096,4.11,4.096,3.959,3.874,3.621,3.39,3.066,2.974,3.401,3.41,3.272,3.053,3.453,5.006,6.505,7.891,8.665,9.901,10.912,12.808,14.467,14.279,12.725,10.757,9.428,8.916,8.322,6.768,4.913,3.5,1.892,1.251,1.38,1.568,1.721,1.888,1.959,1.95,1.937,1.951,2.102,1.969,1.939,1.902,1.883,1.656,1.398,1.203,1.265,1.54,1.706,1.937,2.246,3.783,7.113,9.781,12.033,13.933,12.438,10.334,9.802,11.874,11.062,11.41,11.586,11.908,13.208,15.109,14.137,12.423,8.974,6.955,2.761,2.107,2.034,1.997,1.999,1.931,1.932,1.919,1.914,1.882,2.254,3.443,4.964,6.61,9.219,10.405,12.012,14.338,16.027,16.898,15.83,14.161,14.451,11.708,15.492,13.773,13.4,13.521,13.954,14.138,12.325,10.144,7.519,5.432,3.789,3.517,3.106,3.032,3.334,3.544,3.71,3.854,4.053,4.184,4.202,4.011,3.851,3.711,3.446,6.53,4.71
24.0,4.174,4.147,4.122,4.137,4.115,4.08,3.975,3.711,3.511,3.141,2.918,3.485,3.373,3.236,3.264,4.454,5.944,7.499,8.327,9.14,10.336,11.674,13.961,15.273,15.237,13.475,11.701,10.492,9.844,9.198,8.249,6.944,5.189,2.72,1.803,1.824,1.864,1.817,1.853,1.9,1.924,1.916,1.915,1.992,1.972,1.932,1.902,1.864,1.838,1.627,1.501,1.742,2.001,1.969,2.103,2.425,5.074,8.338,10.766,13.434,14.707,13.947,11.414,10.54,12.19,11.044,11.495,12.074,12.437,14.747,15.54,15.165,13.554,11.264,8.468,5.123,2.825,2.172,2.058,1.972,1.978,1.954,1.936,1.903,1.952,2.8,4.486,5.972,7.95,10.08,10.839,12.518,15.579,17.008,17.419,17.685,16.189,16.605,13.045,17.264,14.075,14.269,14.239,14.489,14.888,13.317,11.673,9.293,7.717,5.947,4.825,4.0,3.27,3.399,3.644,3.757,3.88,4.065,4.294,4.249,4.105,3.958,3.799,3.624,7.153,5.047
26.0,4.127,4.073,4.068,4.049,4.063,4.093,4.013,3.766,3.527,3.223,2.829,3.435,3.309,3.207,3.616,5.047,6.751,7.976,8.929,9.674,10.854,12.756,14.843,15.978,16.301,14.096,12.3,11.014,10.413,9.995,9.652,8.291,6.494,4.363,2.312,2.174,2.01,1.828,1.818,1.854,1.888,1.893,1.912,1.947,1.942,1.912,1.866,1.834,1.808,1.925,2.164,2.308,2.528,2.388,2.61,3.24,6.193,9.756,12.192,14.387,15.515,14.467,12.721,10.893,12.932,11.331,11.541,12.245,13.247,15.152,16.464,16.04,14.604,12.405,9.933,7.14,3.533,2.881,2.137,1.963,1.975,1.948,1.929,2.184,3.588,5.004,6.331,7.399,9.116,10.825,11.183,13.911,16.076,17.417,17.872,18.308,17.463,17.528,15.648,17.449,14.841,14.934,14.892,15.079,15.252,14.142,12.581,10.74,8.876,6.919,6.012,4.902,4.034,3.52,3.65,3.777,3.89,4.072,4.272,4.228,4.206,4.126,3.976,3.816,7.717,5.278
28.0,4.093,4.042,3.974,3.965,3.957,4.057,3.929,3.72,3.545,3.275,2.84,3.408,3.345,3.309,4.452,6.012,7.591,8.502,9.176,10.161,11.512,13.876,15.475,16.506,17.057,14.663,12.914,11.37,10.793,10.819,11.13,9.998,7.902,5.787,2.993,2.493,2.178,1.958,1.811,1.82,1.863,1.88,1.898,1.926,1.919,1.883,1.828,1.784,1.804,2.365,2.87,3.094,3.095,3.097,3.052,4.451,7.961,10.808,13.763,15.372,15.672,14.887,13.568,11.637,13.811,12.321,11.989,12.606,14.048,15.882,16.841,16.82,15.281,13.469,10.696,8.962,5.073,3.381,2.951,2.117,1.946,1.944,1.913,3.807,5.261,6.146,7.014,8.403,10.407,11.174,12.359,14.388,17.049,18.072,18.323,18.841,18.323,17.89,17.529,17.401,15.845,15.385,15.159,15.488,16.053,15.11,13.518,12.201,9.966,8.369,6.789,5.88,4.533,3.689,3.652,3.731,3.852,4.006,4.179,4.203,4.217,4.193,4.14,4.08,8.271,5.478
30.0,4.061,3.975,3.947,3.903,3.979,3.936,3.909,3.719,3.522,3.4,2.969,3.434,3.365,3.893,5.302,6.605,8.147,8.863,9.656,10.592,12.556,14.867,16.015,17.161,17.85,15.52,13.53,11.92,11.478,12.056,12.41,11.909,9.134,6.907,4.531,2.937,2.622,2.108,1.863,1.799,1.827,1.867,1.886,1.924,1.883,1.83,1.775,1.747,2.135,2.749,3.123,3.443,3.704,3.433,3.68,5.795,9.57,12.157,14.835,15.891,16.21,15.064,13.787,12.158,14.384,12.886,12.702,13.22,14.711,16.334,17.832,18.431,16.436,13.926,12.085,10.053,7.509,4.839,3.555,2.515,1.906,1.922,2.193,5.495,8.211,7.992,8.496,9.665,11.036,11.568,13.056,15.445,18.026,18.527,18.59,19.061,18.883,18.201,18.408,17.503,16.171,15.82,15.821,16.332,16.719,16.13,14.473,13.265,10.977,9.437,7.899,6.649,5.261,4.331,3.725,3.674,3.768,3.913,4.085,4.198,4.154,4.185,4.198,4.195,8.853,5.671
32.0,4.042,3.995,3.924,3.965,3.903,3.894,3.817,3.702,3.549,4.183,3.9,3.462,3.448,4.648,6.042,7.887,9.303,9.48,10.091,11.503,13.722,15.396,16.431,17.908,18.416,16.343,14.276,12.788,12.647,13.033,13.538,13.14,11.252,8.373,5.627,3.491,2.93,2.53,2.194,1.852,1.797,1.832,1.856,1.902,1.861,1.801,1.749,1.847,2.608,3.093,3.465,3.832,4.009,3.992,4.866,7.761,10.687,13.473,15.549,16.071,16.3,15.674,14.312,12.751,14.91,13.507,13.244,14.136,15.62,16.968,18.847,19.665,18.208,14.915,12.915,10.761,8.883,6.165,5.245,3.423,1.929,1.897,4.654,7.792,10.14,10.266,9.533,10.567,11.536,12.444,13.952,16.362,18.7,18.779,18.72,19.14,19.147,18.377,18.34,17.393,16.223,16.234,16.371,17.181,17.872,17.088,15.338,14.101,12.466,10.08,8.4,7.443,6.14,4.889,3.803,3.621,3.701,3.835,3.987,4.109,4.102,4.13,4.135,4.167,9.469,5.819
34.0,4.07,3.974,3.96,3.901,3.862,3.801,3.776,3.652,3.551,5.012,5.799,3.495,4.113,5.434,7.12,9.424,10.715,10.886,11.441,12.747,14.629,16.029,16.889,18.435,18.686,17.17,15.337,14.017,13.582,13.997,14.509,14.42,13.024,10.161,6.854,4.339,3.541,3.005,2.573,2.204,1.814,1.791,1.816,1.883,1.813,1.759,1.712,2.327,2.914,3.312,3.754,4.083,4.296,5.09,6.838,9.258,11.773,14.385,16.008,16.166,16.64,15.821,14.773,13.376,15.546,14.298,14.309,14.856,16.016,17.635,19.485,19.856,19.665,15.703,13.677,11.919,10.042,7.822,6.31,4.862,2.11,1.92,5.597,10.327,12.136,12.558,11.684,11.756,12.427,13.1,14.777,17.422,19.167,19.025,18.99,19.301,19.272,18.712,18.255,17.393,16.531,16.58,17.184,18.105,18.537,18.076,16.425,14.879,13.477,10.813,9.207,7.929,6.988,5.467,4.449,3.669,3.643,3.759,3.91,4.027,4.091,4.01,4.062,4.101,10.124,5.958
36.0,4.025,3.971,3.896,3.855,3.796,3.757,3.71,3.611,3.637,6.192,7.414,3.569,4.746,6.148,8.916,10.656,11.741,11.908,12.411,13.588,15.217,16.423,17.603,18.736,19.232,17.998,16.062,14.8,14.591,14.821,15.123,15.27,14.334,11.709,8.986,5.608,3.905,3.489,3.19,2.788,2.119,1.748,1.777,1.841,1.786,1.745,1.867,2.692,3.161,3.728,4.004,4.175,5.918,6.71,7.854,10.735,12.676,15.431,16.2,16.367,16.888,16.174,15.182,13.758,16.094,14.835,14.761,15.551,16.702,18.324,19.642,19.89,19.796,17.29,14.418,12.957,10.818,9.238,7.861,6.743,2.755,3.36,7.593,11.822,13.358,13.977,13.266,12.944,13.168,13.98,15.399,18.668,19.357,19.237,19.389,19.591,19.443,18.954,18.429,17.478,16.664,17.015,17.763,18.812,18.929,18.609,17.262,15.56,14.371,12.085,9.646,8.602,7.725,6.372,5.042,3.873,3.593,3.683,3.828,3.933,4.021,4.002,3.982,4.054,10.746,6.029
38.0,3.94,3.859,3.821,3.774,3.734,3.698,3.64,3.644,4.211,6.942,8.835,4.323,5.522,8.098,10.259,11.875,12.405,12.52,13.107,14.277,15.837,16.812,18.347,19.134,19.714,18.677,16.883,15.767,15.198,15.253,15.492,15.672,15.225,13.227,10.258,7.459,4.642,3.909,3.451,3.085,2.675,1.922,1.749,1.807,1.761,1.735,2.402,3.079,3.636,3.82,4.282,5.775,7.489,8.021,9.36,11.387,14.104,16.183,16.552,16.609,17.172,16.346,15.712,14.376,16.495,15.528,15.705,16.01,17.151,18.989,19.706,19.933,19.904,18.856,15.133,13.596,11.645,10.288,9.1,7.916,4.741,5.25,9.986,12.868,14.732,14.994,14.532,13.722,13.934,14.798,16.64,19.154,19.535,19.527,19.833,20.109,19.649,19.193,18.657,17.679,17.036,17.465,18.333,19.029,19.413,19.108,18.282,16.283,14.911,13.122,10.854,9.219,8.3,7.075,5.64,4.543,3.648,3.629,3.759,3.874,3.966,3.988,4.009,4.021,11.367,6.07
mean,2.696,2.774,2.813,2.894,2.946,2.768,2.632,2.530,2.638,3.147,3.474,2.862,2.979,2.779,2.777,3.049,3.629,4.267,4.861,5.328,5.830,6.792,8.402,10.966,11.668,9.146,7.005,5.795,5.878,6.200,5.741,4.790,3.661,2.729,2.039,1.666,1.516,1.390,1.264,1.207,1.226,1.398,1.801,2.163,2.184,1.911,1.584,1.319,1.249,1.292,1.381,1.566,1.810,1.894,2.109,2.665,3.537,4.821,6.235,7.668,9.651,8.510,8.114,7.274,9.639,7.426,7.122,7.932,9.181,9.928,9.890,9.609,8.948,6.706,4.655,3.839,3.297,2.762,2.430,2.142,1.672,1.583,2.168,2.930,3.333,3.529,3.804,4.341,4.799,5.334,6.294,8.449,10.642,12.076,12.806,10.501,8.858,8.031,7.683,7.504,6.715,7.836,8.282,9.855,10.322,8.785,6.702,5.179,4.350,3.759,3.226,2.867,2.663,2.578,2.709,3.028,2.999,2.894,3.008,3.030,2.922,2.792,2.641,2.428
std dev,1.518,1.462,1.446,1.362,1.235,1.373,1.317,1.291,1.188,1.354,1.683,1.037,1.160,1.841,2.606,3.346,3.832,3.941,4.227,4.750,5.552,6.153,6.285,5.625,5.715,5.909,5.532,5.101,4.649,4.481,4.759,4.970,4.662,3.764,2.660,1.680,1.083,0.929,0.875,0.798,0.710,0.611,0.496,0.957,0.813,0.672,0.545,0.773,0.950,1.103,1.258,1.435,1.755,1.914,2.336,3.209,4.312,5.411,6.022,6.001,5.403,4.985,4.312,4.066,4.180,5.064,5.398,5.104,4.757,5.406,6.631,6.731,6.241,5.903,5.139,4.234,3.216,2.537,2.127,1.681,0.770,0.991,2.172,3.413,4.161,4.275,4.031,3.975,4.460,5.054,5.788,6.203,6.140,5.775,5.554,6.911,7.276,7.403,7.284,7.504,6.735,6.469,6.558,5.892,5.715,6.101,6.066,5.634,4.911,3.993,3.273,2.784,2.324,1.865,1.481,1.080,1.107,1.268,1.257,1.261,1.342,1.344,1.271,1.270
