model,gGSP
CR1149_TS239_5_vs_CR1149__9_refined,32.849
