,"""A1""","""A2""","""A3""","""A4""","""A5""","""A6""","""A7""","""A8""","""A9""","""A10""","""A11""","""A12""","""A13""","""A14""","""A15""","""A16""","""A17""","""A18""","""A19""","""A20""","""A21""","""A22""","""A23""","""A24""","""A25""","""A26""","""A27""","""A28""","""A29""","""A30""","""A31""","""A32""","""A33""","""A34""","""A35""","""A36""","""A37""","""A38""","""A39""","""A40""","""A41""","""A42""","""A43""","""A44""","""A45""","""A46""","""A47""","""A48""","""A49""","""A50""","""A51""","""A52""","""A53""","""A54""","""A55""","""A56""","""A57""","""A58""","""A59""","""A60""","""A61""","""A62""","""A63""","""A64""","""A65""","""A66""","""A67""","""A68""","""A69""","""A70""","""A71""","""A72""","""A73""","""A74""","""A75""","""A76""","""A77""","""A78""","""A79""","""A80""","""A81""","""A82""","""A83""","""A84""","""A85""","""A86""","""A87""","""A88""","""A89""","""A90""","""A91""","""A92""","""A93""","""A94""","""A95""","""A96""","""A97""","""A98""","""A99""","""A100""","""A101""","""A102""","""A103""","""A104""","""A105""","""A106""","""A107""","""A108""","""A109""","""A110""","""A111""","""A112""","""A113""","""A114""","""A115""","""A116""","""A117""","""A118""","""A119""","""A120""","""A121""","""A122""","""A123""","""A124"""
radius,G,G,A,C,A,C,G,A,G,U,A,A,C,U,C,G,U,C,U,A,U,C,U,U,C,U,G,C,A,G,G,C,U,G,C,U,U,A,C,G,G,U,U,U,C,G,U,C,C,G,U,G,U,U,G,C,A,G,C,C,G,A,U,C,A,U,C,A,G,C,A,C,A,U,C,U,A,G,G,U,U,U,C,G,U,C,C,G,G,G,U,G,U,G,A,C,C,G,A,A,A,G,G,U,A,A,G,A,U,G,G,A,G,A,G,C,C,U,U,G,U,C,C,C,mean,std dev
2.0,0.019,0.013,0.038,0.026,0.013,0.025,0.025,0.019,0.021,0.024,0.035,0.016,0.022,0.041,0.019,0.034,0.039,0.032,0.022,0.036,0.045,0.033,0.026,0.04,0.019,0.021,0.014,0.021,0.025,0.026,0.033,0.018,0.028,0.045,0.04,0.032,0.03,0.034,0.035,0.03,0.031,0.031,0.019,0.034,0.024,0.014,0.022,0.034,0.017,0.028,0.039,0.016,0.032,0.032,0.043,0.044,0.013,0.026,0.028,0.029,0.021,0.027,0.028,0.021,0.015,0.044,0.04,0.016,0.035,0.038,0.044,0.031,0.011,0.026,0.02,0.033,0.018,0.024,0.048,0.027,0.032,0.031,0.025,0.01,0.023,0.032,0.034,0.02,0.036,0.023,0.024,0.021,0.026,0.016,0.019,0.035,0.018,0.016,0.035,0.018,0.026,0.013,0.017,0.064,0.058,0.016,0.03,0.018,0.04,0.014,0.023,0.016,0.022,0.046,0.042,0.033,0.027,0.035,0.02,0.024,0.037,0.032,0.037,0.031,0.028,0.01
3.0,0.39,0.127,0.119,0.245,0.075,0.234,0.223,0.086,0.128,0.092,0.104,0.373,0.277,0.258,0.493,0.145,0.07,0.05,0.262,0.201,0.285,0.225,0.098,0.212,0.536,0.164,0.207,0.193,0.181,0.094,0.34,0.299,0.111,0.163,0.143,0.145,0.323,0.151,0.044,0.121,0.159,0.128,0.176,0.132,0.55,0.363,0.39,0.344,0.118,0.131,0.113,0.133,0.154,0.063,0.106,0.057,0.055,0.111,0.139,0.154,0.759,0.072,0.255,0.57,0.083,0.074,0.165,0.186,0.17,0.069,0.102,0.089,0.113,0.223,0.173,0.073,0.204,0.234,0.46,0.375,0.107,0.054,0.271,0.112,0.348,0.194,0.041,0.164,0.084,0.132,0.173,0.063,0.056,0.105,0.067,0.158,0.192,0.115,0.136,0.09,0.38,0.112,0.207,0.574,0.644,0.164,0.127,0.073,0.062,0.224,0.147,0.088,0.098,0.098,0.111,0.115,0.073,0.112,0.109,0.107,0.069,0.205,0.091,0.07,0.183,0.134
4.0,0.544,0.575,0.21,0.553,68.066,0.262,63.419,0.449,0.23,0.143,0.183,0.549,0.697,0.376,0.844,0.518,0.174,0.509,0.55,0.314,0.403,0.272,0.112,0.275,0.633,0.204,0.286,0.252,0.339,0.216,0.607,0.366,0.147,0.356,0.642,0.208,0.395,9.676,0.051,0.231,0.294,0.181,3.019,0.169,0.833,0.524,1.483,0.778,0.52,0.196,0.403,0.187,0.259,0.146,0.196,0.184,0.085,0.206,0.553,19.694,0.961,0.161,2.179,0.865,0.432,0.151,0.614,0.601,0.285,0.106,0.16,0.554,0.529,0.266,6.699,0.133,0.276,0.334,0.749,0.519,0.132,0.11,0.316,0.15,0.399,0.632,0.104,0.22,0.312,0.241,0.485,0.143,0.083,2.928,0.131,0.225,0.219,0.486,0.251,0.146,0.548,2.19,0.318,0.738,0.973,0.567,0.204,0.142,0.102,0.584,0.244,0.132,0.191,0.544,0.166,0.144,0.111,63.912,0.139,0.191,0.115,0.262,0.149,0.095,2.273,10.11
5.0,0.716,1.163,0.952,1.877,79.229,0.732,52.786,0.533,51.57,0.596,1.078,1.881,1.917,51.506,2.835,46.216,1.742,3.245,42.823,42.913,1.868,0.539,41.401,0.807,39.95,26.464,0.739,0.714,0.812,1.671,2.189,0.817,14.294,1.243,3.229,16.459,0.785,12.484,0.389,7.206,1.389,2.421,5.683,0.2,1.808,1.672,1.974,2.466,5.234,6.56,2.22,1.355,1.533,1.186,0.845,0.668,12.291,1.634,4.206,22.678,2.504,0.836,4.286,1.648,0.384,3.985,2.149,23.823,0.764,0.736,9.863,3.176,8.573,0.411,9.011,6.765,0.51,1.211,2.041,2.542,0.409,0.486,0.878,1.316,1.126,1.353,0.452,4.119,0.851,1.399,2.309,1.132,2.898,9.661,62.29,0.683,5.359,4.808,0.437,0.619,1.326,3.071,1.143,2.559,1.975,1.87,0.668,0.763,0.595,0.665,0.509,0.456,47.347,0.805,0.701,0.602,0.382,85.776,55.037,0.788,1.237,56.351,76.653,84.657,10.098,19.471
6.0,1.01,41.689,41.334,58.458,86.9,2.263,92.91,44.294,65.033,38.864,1.5,2.031,36.725,73.708,72.411,50.21,34.444,48.441,69.668,56.399,2.138,62.302,61.354,55.29,59.391,38.197,25.844,24.75,1.2,1.952,12.506,16.346,20.064,16.309,12.08,15.971,15.173,12.652,5.993,8.82,1.756,2.54,6.238,2.269,2.189,1.889,2.461,4.822,8.436,8.362,2.312,7.001,1.593,1.646,7.445,12.213,17.98,10.966,16.85,26.505,3.104,2.266,4.319,1.875,1.808,17.564,28.566,35.592,18.87,21.334,12.608,10.046,11.478,7.811,9.47,7.501,4.75,1.466,2.299,4.436,2.022,1.002,1.358,1.25,1.325,3.109,5.068,5.626,0.91,4.357,2.33,9.032,7.353,51.718,76.311,5.192,5.873,5.274,0.711,2.031,2.657,3.625,2.869,4.025,5.326,2.216,31.609,32.188,0.84,47.521,0.699,0.748,59.185,37.071,37.717,36.384,54.804,84.594,70.232,72.263,42.401,82.705,90.812,94.922,22.811,26.056
7.0,66.041,62.961,60.434,84.926,98.404,3.205,100.558,64.039,72.02,59.763,1.762,2.288,56.314,86.312,86.432,60.914,42.298,68.256,83.064,74.458,59.81,72.086,71.611,77.877,68.938,44.616,30.619,29.896,1.433,28.764,24.635,22.682,23.345,17.71,16.889,18.394,17.405,14.31,9.716,10.161,7.133,7.025,6.141,3.716,3.031,3.074,3.243,7.275,9.741,9.399,9.496,9.792,5.955,1.897,9.103,17.306,18.903,15.771,23.543,29.895,13.102,2.817,4.237,2.802,2.663,24.903,39.848,37.43,27.562,31.906,12.687,14.351,12.951,10.435,10.343,8.524,5.672,1.531,4.167,6.303,3.533,1.133,1.63,1.375,1.689,4.181,6.057,6.645,3.161,6.036,7.825,9.779,12.781,57.172,81.4,6.744,6.284,5.28,1.895,2.749,2.836,4.177,4.031,6.038,6.057,27.808,47.094,47.311,57.362,58.729,30.15,41.619,76.578,55.119,54.72,75.639,91.991,102.97,93.11,78.734,78.215,97.037,109.754,112.289,31.917,31.811
8.0,83.307,85.416,96.959,117.335,119.185,3.73,102.092,82.373,107.188,98.417,2.323,2.272,77.352,102.877,99.892,84.884,75.143,87.978,90.398,78.65,70.731,84.993,88.651,96.044,75.42,51.303,40.87,41.893,39.812,36.677,33.016,29.546,27.96,23.474,21.758,20.229,18.337,16.431,14.01,10.891,8.626,7.441,6.513,4.691,4.75,3.557,4.477,7.839,10.802,11.128,13.083,12.712,9.208,12.141,11.878,20.891,22.215,23.831,32.045,33.316,18.676,3.563,4.206,3.317,13.285,30.447,49.777,44.495,46.864,47.936,42.465,17.937,15.409,13.219,11.199,9.939,6.531,4.028,5.856,6.626,4.49,3.268,1.772,1.634,2.917,5.49,7.243,6.643,7.414,8.061,11.195,12.467,16.43,67.375,82.567,8.224,7.331,5.869,2.552,3.316,3.587,4.576,5.307,7.658,7.136,44.05,68.159,57.579,75.657,68.664,54.73,71.494,86.05,96.22,89.982,91.696,111.059,118.389,117.638,106.333,109.142,118.101,122.775,124.179,41.316,39.059
9.0,124.052,121.327,122.552,129.55,126.987,38.798,106.433,104.25,121.875,110.518,2.857,31.395,91.046,111.721,116.184,104.979,94.458,95.07,100.016,99.469,98.018,96.449,99.562,98.817,78.57,58.427,54.356,50.599,44.886,44.015,39.583,33.867,31.548,28.211,25.51,22.246,19.848,17.538,15.901,13.296,11.8,9.222,7.332,4.9,4.96,4.031,6.45,8.607,11.638,14.398,15.942,16.537,16.129,15.738,18.688,23.969,27.089,31.175,34.45,36.597,27.756,11.473,4.322,3.563,23.743,43.207,54.869,53.569,57.29,57.871,48.429,20.232,18.045,14.233,11.795,10.023,7.726,6.525,6.992,7.22,4.931,4.245,2.077,4.501,5.225,6.568,7.23,7.467,9.31,9.816,12.507,15.802,18.779,63.286,83.669,10.133,7.694,5.765,4.105,4.025,3.985,5.357,6.771,8.159,31.494,72.416,91.9,90.796,90.9,88.891,91.394,100.958,110.29,111.52,110.491,109.262,119.159,126.077,130.028,126.01,131.404,130.327,135.606,139.176,49.861,44.859
10.0,124.225,128.436,128.874,130.654,126.554,35.067,111.307,117.08,122.054,112.646,30.486,71.521,99.029,117.883,116.674,110.293,103.163,99.57,105.036,104.047,102.525,100.183,101.34,99.346,76.838,62.076,55.719,50.49,47.512,45.308,40.72,34.955,32.15,28.846,25.727,22.279,20.182,18.086,16.369,14.202,12.278,9.995,7.483,5.078,5.644,5.948,7.225,9.398,11.899,14.756,16.449,17.082,18.385,17.281,21.062,24.466,27.565,32.275,35.158,37.161,36.629,11.035,5.073,4.118,34.538,44.824,54.901,54.733,58.583,57.607,52.485,20.988,18.768,15.11,12.268,10.586,8.139,7.279,7.545,7.982,5.352,4.813,3.302,5.123,6.136,7.163,7.586,8.088,9.273,11.175,13.318,17.128,24.043,66.269,83.337,35.601,8.395,6.481,4.459,4.588,4.373,5.328,7.581,8.064,46.637,77.3,94.314,98.617,99.068,100.072,100.656,112.966,117.324,110.632,112.173,118.209,124.016,128.982,130.818,130.217,134.246,134.101,136.781,137.924,52.833,45.926
11.0,132.357,132.929,130.695,131.736,127.31,59.706,116.835,120.55,124.168,116.617,78.831,85.807,108.668,119.279,117.119,110.954,106.058,105.482,106.099,104.563,103.009,101.008,102.287,99.279,76.891,65.643,55.878,50.869,50.119,46.785,40.981,35.67,32.052,28.716,25.531,22.15,20.362,18.876,16.515,14.294,12.408,10.068,7.459,5.907,6.192,6.343,7.405,9.704,12.499,14.857,16.764,17.594,18.137,18.857,22.015,25.33,28.763,32.422,35.295,37.85,41.255,23.32,5.265,4.395,38.583,45.807,55.156,56.855,59.822,58.906,51.799,21.235,19.198,15.311,12.21,10.508,8.527,7.744,8.44,8.426,5.497,4.913,4.207,5.737,6.484,7.536,8.072,8.542,9.659,11.336,13.911,17.874,29.913,65.763,82.619,40.798,8.63,6.717,4.423,4.613,4.447,6.057,7.852,19.338,54.014,80.655,96.5,99.354,100.237,101.837,105.007,116.484,120.819,117.499,117.263,121.384,126.079,129.435,130.788,130.518,133.943,134.333,136.842,137.008,54.97,46.548
12.0,136.24,136.489,136.31,136.411,131.745,80.513,121.49,123.222,128.007,123.927,91.701,104.292,114.315,120.276,119.667,114.754,112.086,110.183,107.949,106.961,105.359,104.127,103.098,98.129,75.77,67.539,57.421,54.425,51.804,47.62,42.56,36.796,33.233,30.271,26.609,23.207,20.656,18.922,17.027,14.791,12.58,9.954,8.472,6.311,6.622,6.863,7.806,10.061,13.246,15.202,17.164,17.996,18.958,20.051,22.692,26.002,29.607,33.198,35.954,39.088,46.609,28.358,12.412,11.563,41.668,45.964,55.378,59.549,62.444,63.504,58.728,39.972,19.348,15.871,12.73,10.533,9.047,8.716,9.232,8.615,6.347,5.568,5.208,6.328,6.58,7.915,8.497,8.891,10.136,12.363,14.692,18.553,37.133,68.642,80.843,44.713,11.091,6.797,4.762,4.923,4.95,6.626,8.259,33.112,61.197,83.696,97.831,103.97,104.369,105.196,111.13,118.76,123.058,122.595,124.205,126.333,127.076,130.539,133.119,135.398,136.205,137.607,139.035,139.25,57.641,47.657
13.0,138.169,138.503,138.339,136.841,133.429,98.324,124.056,128.814,130.072,126.95,110.82,114.811,120.462,120.891,120.533,117.515,114.872,112.17,110.338,109.396,107.497,105.569,102.035,96.935,75.069,68.508,59.476,54.817,51.612,47.415,42.922,37.142,33.328,30.432,26.854,23.563,21.268,18.977,16.919,14.977,13.854,10.714,9.141,6.414,7.684,7.336,9.462,11.487,13.526,15.525,17.198,19.052,20.886,22.051,23.407,26.453,30.215,33.324,36.364,40.023,52.316,35.683,23.246,11.367,42.355,46.955,55.217,61.45,63.637,64.715,60.363,44.135,19.515,17.044,13.131,11.146,9.479,9.198,9.473,9.0,6.49,6.115,5.693,7.118,7.346,8.416,10.205,11.253,12.106,12.707,15.403,19.728,44.795,69.091,80.111,51.864,18.411,7.813,5.35,5.207,5.145,23.895,31.466,50.84,68.62,86.663,99.449,104.683,107.579,109.251,114.785,119.529,123.279,124.975,125.37,126.823,127.909,130.851,134.026,136.922,138.185,138.994,138.927,139.493,59.896,47.889
14.0,138.858,138.777,138.955,137.063,133.731,103.257,126.111,130.824,130.793,128.328,121.333,119.926,122.18,121.683,120.653,118.197,115.753,113.136,111.894,109.77,107.863,105.875,101.286,95.49,74.684,68.387,60.416,54.709,51.067,46.618,42.5,37.813,33.365,30.637,27.119,23.759,21.737,19.188,16.992,15.214,14.084,11.113,9.315,6.735,9.435,8.955,10.948,12.823,14.897,16.748,18.182,20.426,22.268,23.768,25.478,27.427,30.704,33.261,37.497,41.956,56.151,40.042,34.551,24.604,43.707,50.362,56.82,63.02,64.618,65.543,61.089,46.351,19.69,17.879,14.081,11.646,9.608,9.549,9.828,9.048,6.692,6.592,6.158,8.14,8.01,11.134,12.522,13.447,14.053,15.186,16.897,23.783,46.012,66.298,78.023,57.546,24.989,8.672,5.389,5.371,5.607,37.991,43.32,60.859,77.002,91.885,100.619,105.238,108.577,110.816,116.184,119.632,123.159,125.426,126.509,126.765,128.076,131.106,134.678,136.989,138.29,138.938,138.725,138.99,61.455,47.593
15.0,138.696,138.297,138.808,137.044,134.088,110.244,126.851,132.248,131.097,128.461,124.974,123.146,123.203,122.538,120.815,118.5,116.281,114.628,112.59,110.156,108.138,105.085,99.081,93.146,74.892,68.12,60.257,54.546,50.696,45.991,42.24,38.246,33.208,30.62,27.143,24.034,21.993,19.71,17.228,15.46,14.165,11.52,10.021,7.259,9.817,10.635,13.446,15.525,16.374,17.96,19.546,22.347,24.514,25.694,26.533,28.886,31.881,34.102,39.008,45.207,57.934,44.994,40.944,34.676,44.086,53.097,58.938,63.156,65.97,66.232,62.262,49.976,19.989,18.33,14.489,11.922,10.32,10.084,9.981,9.232,7.259,7.393,7.21,9.051,10.366,12.763,14.587,15.058,16.9,17.674,20.07,28.415,49.117,65.779,76.734,60.036,28.629,9.339,10.614,10.193,6.081,47.725,58.743,73.302,84.695,95.946,102.928,107.209,110.319,112.72,116.825,119.819,123.074,125.191,126.427,127.229,128.972,131.904,134.837,136.995,138.106,138.714,138.376,138.568,62.947,47.161
16.0,136.662,137.712,138.165,137.148,134.801,116.701,127.692,132.856,131.466,128.835,126.003,125.846,124.557,123.154,120.905,119.113,117.016,114.736,112.471,110.622,108.191,103.923,97.943,90.671,73.849,67.973,60.646,54.48,49.786,45.42,41.786,38.167,33.564,30.881,27.673,24.61,22.35,19.763,17.189,15.547,14.238,12.126,10.811,7.556,9.908,12.359,14.681,17.172,18.169,19.024,21.198,24.099,26.736,26.984,28.553,30.849,32.941,35.208,40.849,49.045,59.827,48.066,44.74,36.997,45.422,56.115,60.266,64.109,66.751,65.573,62.937,52.906,26.964,19.144,15.17,12.328,10.569,10.337,9.946,9.301,7.726,8.146,8.533,10.119,12.081,14.583,15.971,16.938,18.48,19.016,21.714,31.124,53.668,66.884,76.911,63.171,35.629,16.048,16.316,12.698,27.974,63.799,72.597,83.947,90.596,98.715,105.259,108.457,112.266,114.816,117.696,120.091,122.487,123.958,125.259,127.296,129.554,131.913,134.896,136.982,138.163,138.621,138.488,138.846,64.51,46.552
17.0,134.186,135.508,137.265,137.117,135.232,123.348,128.666,132.972,131.533,129.387,127.294,126.221,125.065,123.594,121.514,119.057,117.016,114.979,112.27,110.417,107.743,101.873,97.315,87.02,72.463,66.625,59.623,54.221,48.621,44.475,41.416,38.347,34.224,31.045,28.135,25.039,22.873,19.861,17.365,15.814,14.579,12.972,11.63,8.095,10.435,12.98,15.584,17.648,19.4,20.404,22.662,24.885,27.508,29.024,30.247,32.548,33.954,36.884,42.667,51.539,61.57,52.635,49.363,40.121,47.666,58.014,60.971,64.766,66.645,65.529,63.405,55.291,34.17,19.717,16.087,13.1,10.871,10.37,10.021,9.874,7.815,8.621,9.331,11.165,13.714,15.575,16.857,17.682,18.758,20.269,22.844,34.182,55.447,66.185,76.245,65.834,39.524,21.491,21.187,21.59,36.281,74.744,81.709,89.015,94.218,100.281,106.731,110.873,113.367,115.493,117.588,119.309,120.79,122.346,124.342,126.734,130.097,132.447,134.721,136.496,137.844,138.492,138.862,138.677,65.551,46.009
18.0,131.25,133.818,136.273,136.565,135.259,128.945,128.711,132.784,131.588,129.934,127.529,125.449,124.113,123.595,121.761,119.189,116.522,114.928,112.048,109.774,106.566,100.553,94.801,84.609,71.895,65.031,59.022,53.035,48.189,44.011,40.976,37.722,34.229,31.298,28.425,25.471,23.167,20.193,17.641,16.171,14.925,13.41,12.379,8.858,11.357,13.739,15.959,18.141,19.699,21.148,22.934,25.262,27.8,29.836,31.401,33.394,34.456,38.38,44.257,53.821,63.446,56.966,53.245,42.568,49.889,59.307,61.855,65.05,65.519,64.802,62.662,54.99,36.482,20.209,17.18,13.834,11.227,10.713,10.174,10.025,8.295,9.435,9.581,11.7,14.167,15.616,16.824,17.804,19.084,20.584,24.928,38.158,55.289,65.149,76.207,66.862,46.858,29.357,23.212,23.017,48.908,81.922,87.602,91.45,95.575,100.446,108.167,112.053,114.343,115.847,117.221,118.275,119.798,120.889,123.331,127.262,130.327,132.416,134.363,136.028,137.594,138.343,138.744,138.283,66.175,45.544
19.0,129.597,132.035,135.494,135.803,135.163,130.899,128.83,132.699,131.89,130.48,126.898,125.009,123.595,123.256,121.822,119.439,116.124,114.373,111.951,108.846,105.902,99.284,93.268,83.182,71.248,64.325,57.554,52.447,47.672,44.441,40.622,37.098,34.195,31.353,28.614,26.161,23.975,20.593,18.103,16.395,15.157,14.005,13.279,10.004,12.345,14.037,16.189,18.47,19.917,21.373,23.242,25.551,27.904,30.05,31.858,33.641,35.477,39.429,46.588,56.788,64.6,60.324,56.389,44.738,52.421,60.023,61.674,64.502,64.664,64.18,62.583,55.295,43.199,20.337,17.9,14.861,11.781,11.025,10.443,10.108,8.901,9.581,10.01,12.535,14.169,15.672,16.756,17.988,19.298,21.03,28.518,41.148,58.027,65.553,76.062,68.558,54.227,34.747,25.346,25.15,59.297,87.309,90.791,93.039,95.909,100.89,108.472,111.675,114.293,115.573,116.882,118.306,120.028,121.945,124.182,127.531,129.966,132.441,134.311,135.996,137.3,137.727,138.132,137.618,66.773,45.118
20.0,129.534,132.277,135.17,135.39,134.972,132.007,128.526,132.977,132.1,130.827,126.952,125.37,124.001,123.28,121.803,119.496,116.9,114.716,112.414,109.123,105.065,98.394,91.642,81.734,70.911,64.312,57.021,52.524,49.126,46.0,41.012,37.134,34.201,31.738,29.269,27.367,25.049,21.594,18.658,16.933,15.829,14.674,14.159,10.877,13.532,14.538,16.862,18.849,20.156,21.605,23.57,25.936,28.22,30.227,32.171,33.992,35.992,39.47,49.602,58.56,65.598,63.323,58.711,46.958,53.878,60.262,61.338,63.253,64.248,63.589,62.479,57.086,45.615,25.098,19.031,16.111,12.362,11.265,10.563,10.152,9.374,9.713,10.523,13.204,14.481,15.955,16.876,18.175,19.513,22.459,32.631,43.52,59.578,66.619,76.922,71.227,62.862,44.959,26.22,31.354,70.763,88.804,92.37,91.87,95.227,100.404,107.648,111.238,114.405,115.46,117.191,118.499,120.698,122.817,125.296,128.17,130.425,132.741,134.292,135.808,136.854,137.347,137.169,136.958,67.547,44.696
22.0,132.386,134.442,134.943,134.753,134.575,131.306,126.995,133.229,132.445,130.409,127.66,126.15,124.971,123.234,121.448,119.672,117.478,115.378,112.635,109.521,103.849,97.561,90.294,81.861,70.054,65.225,58.502,53.92,51.347,49.893,45.172,39.052,35.105,32.421,30.582,29.059,27.153,23.682,20.825,18.652,17.678,16.787,15.916,12.87,16.069,16.235,18.901,20.172,21.507,22.92,24.749,27.096,29.405,31.208,32.872,34.446,36.504,42.66,53.455,61.286,66.63,68.379,61.217,50.778,57.002,59.685,59.676,61.512,62.693,63.792,63.134,58.557,48.439,31.066,20.263,18.533,15.27,13.174,12.155,11.052,9.947,10.221,11.788,14.72,15.902,16.961,17.957,18.844,24.383,31.093,37.535,52.068,60.923,67.197,78.367,77.231,73.132,64.26,31.068,54.265,81.129,89.864,91.008,91.435,94.812,98.918,105.117,110.257,113.852,115.83,117.537,119.708,122.124,124.72,127.721,130.099,131.646,132.877,134.143,135.273,136.063,136.77,135.464,134.789,69.215,43.722
24.0,134.624,134.958,134.617,134.464,134.131,130.944,126.583,133.128,132.294,129.274,128.11,126.266,124.556,122.474,120.486,118.865,116.906,114.827,112.769,109.925,103.938,97.903,90.485,84.256,68.593,65.743,59.237,55.331,53.087,51.091,48.934,42.76,37.11,33.202,31.204,29.638,28.088,25.55,22.92,20.784,19.592,18.589,18.046,14.221,18.16,18.977,20.97,22.505,23.572,24.704,27.658,31.129,31.883,32.781,34.103,34.908,38.125,48.388,58.235,64.23,67.038,69.225,63.468,54.496,56.835,59.075,57.799,59.108,60.69,62.946,62.914,60.222,52.925,40.17,24.625,19.749,17.954,16.388,15.628,14.186,10.195,10.772,13.072,16.019,16.809,19.266,22.406,28.573,34.145,38.053,44.379,55.163,64.068,67.57,79.746,78.791,78.478,74.29,40.132,67.747,85.604,89.264,90.384,91.173,92.981,97.427,101.516,107.675,112.3,115.989,118.403,120.484,123.101,126.271,129.365,130.811,131.845,132.579,133.688,134.679,135.493,136.1,135.449,132.721,70.736,42.469
26.0,134.141,133.294,133.306,133.346,133.261,129.724,127.101,132.2,131.431,128.728,127.369,125.809,123.872,122.63,120.514,118.154,115.801,114.106,111.959,108.538,102.459,96.57,90.131,84.929,68.573,65.862,60.239,56.371,54.344,52.86,50.858,46.965,39.831,34.905,31.79,30.511,29.016,26.771,24.53,22.488,20.914,19.785,19.097,16.162,19.391,20.737,22.603,24.063,25.144,27.644,30.418,32.348,34.948,35.575,36.477,37.515,41.872,56.593,62.795,65.717,66.732,68.629,64.904,57.586,57.185,59.193,56.168,57.128,59.49,62.427,63.198,61.085,55.214,45.864,30.605,22.342,18.608,17.701,17.008,16.268,11.562,11.839,14.31,16.753,18.515,29.029,34.649,38.214,39.988,44.145,51.106,59.36,65.238,68.18,80.226,78.9,78.468,76.262,55.62,74.25,84.961,86.76,89.193,91.133,92.908,95.419,98.364,104.78,111.132,116.198,118.768,121.073,123.928,127.275,129.419,130.596,131.709,132.599,133.2,134.144,134.95,135.513,135.539,133.341,71.951,41.081
28.0,131.952,131.981,131.674,131.949,131.868,129.284,127.514,130.88,130.53,128.198,125.736,124.128,123.732,123.906,121.811,118.476,115.606,113.624,111.69,107.813,101.719,94.647,89.083,85.368,69.038,66.202,61.266,56.768,54.734,53.967,54.149,50.698,43.092,37.051,32.892,31.496,30.04,28.076,25.849,23.912,22.175,20.966,20.309,18.107,20.423,22.202,23.978,25.88,27.482,30.126,31.971,33.836,35.419,36.995,37.78,40.423,50.56,60.577,65.735,66.344,66.675,67.346,64.414,58.171,57.241,59.763,56.632,57.007,59.38,62.141,63.681,63.335,57.856,49.845,38.547,29.394,19.487,18.348,17.505,16.645,14.012,13.431,15.636,18.284,27.249,36.151,42.145,43.905,46.957,48.393,54.957,61.498,66.56,69.65,80.798,78.668,77.988,76.184,65.124,75.754,82.458,86.587,89.148,90.533,91.249,93.442,96.386,101.611,109.786,115.55,118.888,121.523,124.813,127.492,128.854,130.07,131.098,132.026,132.868,133.553,134.443,135.012,135.448,134.438,72.965,39.795
30.0,131.02,130.494,130.35,130.355,130.389,128.347,127.606,129.545,129.441,128.117,125.492,124.266,124.533,124.573,122.88,119.378,115.832,113.685,111.11,106.664,100.133,93.006,87.945,84.887,70.185,66.087,62.647,57.495,55.937,56.45,56.882,55.017,47.713,39.701,35.355,33.151,31.835,29.568,27.162,25.308,23.761,22.209,21.3,19.667,21.731,23.482,25.637,26.857,28.886,30.592,32.214,34.196,36.193,37.255,39.229,43.399,55.415,63.161,67.116,67.457,67.28,66.067,63.455,59.064,58.365,60.488,57.632,57.602,59.508,61.819,64.603,67.183,61.402,53.655,45.63,36.701,25.074,19.111,18.406,17.357,15.743,15.01,16.758,19.644,35.562,43.847,47.398,49.143,49.908,52.849,57.81,62.649,68.509,71.227,80.858,79.313,77.761,76.648,69.506,76.01,82.358,85.36,87.544,88.595,89.672,91.644,95.396,99.939,107.781,114.181,119.135,121.807,125.2,127.202,128.288,129.307,130.349,131.379,132.203,132.875,133.661,134.498,134.916,135.538,73.917,38.625
32.0,130.581,129.98,129.982,129.741,129.762,128.606,127.531,129.005,128.721,127.761,125.632,124.875,124.949,125.077,123.656,119.832,115.838,113.933,111.053,105.491,98.744,91.992,87.295,84.012,73.079,66.421,62.918,59.166,57.641,58.463,59.049,58.81,55.158,45.607,37.894,35.39,34.122,32.046,30.704,27.682,25.111,23.736,22.82,20.801,22.209,24.01,26.351,28.282,30.294,31.987,33.786,35.29,36.543,37.991,41.302,46.486,58.146,64.812,67.71,67.466,67.253,66.888,62.905,58.857,59.288,61.421,58.345,58.977,60.713,62.548,68.045,70.964,66.461,57.355,50.192,42.002,33.538,25.908,20.982,18.408,16.247,16.356,18.327,28.497,42.291,49.234,49.745,50.955,53.035,55.249,59.21,64.194,70.179,73.18,81.245,79.71,77.975,77.846,73.001,77.359,82.639,85.434,87.192,87.746,87.556,90.242,94.438,98.622,105.141,112.895,118.542,121.81,125.135,126.454,127.535,128.466,129.466,130.296,131.514,132.107,132.634,133.243,133.694,134.424,75.044,37.342
34.0,130.503,129.982,129.626,129.592,129.088,128.483,127.018,128.568,128.295,126.985,125.809,125.279,125.28,124.851,123.208,119.699,115.647,113.155,109.701,103.945,97.436,91.307,87.477,83.282,75.855,67.264,63.708,60.796,59.228,59.822,61.47,61.71,59.588,53.105,41.593,37.474,36.003,34.106,31.977,30.451,27.578,25.277,24.198,21.942,23.804,25.984,27.78,29.57,30.728,32.212,34.17,35.801,37.497,40.227,43.706,51.577,60.09,65.996,67.9,68.047,68.171,67.403,63.784,59.139,60.042,61.651,59.939,60.0,61.088,64.042,71.784,73.615,71.136,60.208,54.701,49.357,40.147,35.499,32.94,26.444,16.954,17.033,19.443,35.655,49.029,53.153,53.911,54.072,54.58,57.648,60.727,65.762,72.168,74.238,81.449,80.21,78.711,78.508,74.658,78.571,83.046,84.666,86.52,86.75,87.106,89.187,92.911,97.359,103.42,111.368,116.707,121.419,124.349,125.787,126.657,127.59,128.589,129.741,130.861,131.366,131.762,131.836,132.328,132.678,76.242,35.869
36.0,130.457,129.961,129.65,129.199,128.834,128.388,126.539,128.193,127.802,126.733,125.807,125.276,124.901,123.86,121.275,118.521,114.959,112.211,108.244,102.995,96.537,90.76,86.957,83.231,76.604,69.357,63.821,61.667,60.647,61.693,62.112,63.37,62.994,58.404,49.361,39.41,36.385,34.846,33.53,31.704,29.79,27.24,25.767,23.142,25.256,26.771,28.495,30.417,31.961,33.891,35.587,37.204,41.123,42.942,45.434,55.838,62.156,66.796,68.216,68.274,68.492,68.048,64.12,59.668,60.135,62.761,60.241,60.575,62.086,67.182,74.501,75.475,73.019,64.747,57.433,52.641,46.235,42.325,40.26,36.515,17.938,18.187,21.358,43.636,52.124,55.764,54.92,55.035,56.793,59.073,61.716,68.191,72.572,75.233,81.118,80.494,79.842,79.552,75.96,78.696,83.029,85.015,86.814,86.561,87.34,89.053,92.259,96.216,101.994,109.697,116.392,120.916,122.929,124.802,125.909,126.808,127.842,128.828,129.614,130.404,130.56,131.081,130.733,131.02,77.209,34.566
38.0,130.592,130.083,129.495,129.123,128.679,127.481,125.947,127.846,127.299,126.314,125.655,124.393,124.044,122.049,119.114,116.248,113.81,111.157,106.936,102.315,95.907,91.466,87.024,83.506,76.667,72.54,64.003,62.053,61.448,61.662,63.677,64.463,64.573,61.895,54.406,43.903,38.452,35.965,34.255,32.263,30.707,29.163,26.977,24.147,26.902,28.263,30.166,31.717,33.374,34.545,36.868,41.459,43.89,45.169,50.269,58.498,64.312,68.57,69.489,68.841,69.142,68.734,64.908,59.979,61.45,62.838,61.308,61.41,63.04,71.142,75.648,76.281,74.766,69.393,60.012,56.057,50.608,47.279,46.647,43.057,23.033,19.584,30.551,48.814,56.493,57.437,57.604,57.178,58.509,60.411,63.327,69.973,73.455,75.522,80.794,80.14,79.912,79.174,76.323,80.079,83.032,86.035,87.288,87.253,87.553,88.96,91.536,95.971,101.323,107.364,114.253,119.698,122.023,123.894,125.28,126.09,127.051,127.994,129.181,129.865,130.265,130.262,130.334,130.519,78.202,33.23
mean,104.718,106.544,107.164,109.545,115.062,83.244,108.227,103.059,107.539,101.690,83.569,86.237,96.228,102.817,99.885,96.545,90.787,91.234,92.784,89.404,82.210,81.714,80.129,74.794,63.808,55.451,48.297,44.945,40.832,40.121,38.320,35.567,33.229,29.273,25.945,23.977,21.679,20.345,17.425,16.207,14.378,12.975,12.275,9.652,11.252,11.983,13.605,15.389,17.116,18.479,19.641,21.297,22.253,23.101,25.175,28.622,32.763,36.044,40.561,45.627,45.723,39.167,35.034,29.804,38.006,44.571,48.082,50.338,50.122,51.365,49.809,41.834,33.259,25.821,21.607,18.084,14.448,12.763,12.492,11.777,8.251,7.988,8.905,12.593,15.734,18.383,19.704,20.739,21.701,23.599,26.876,32.890,42.325,58.089,70.538,48.966,38.374,32.241,25.671,29.444,37.051,47.368,49.930,54.494,61.733,71.439,79.844,82.667,85.397,89.337,88.846,93.058,100.996,99.057,99.904,102.052,105.703,114.463,111.587,109.538,109.614,114.377,116.424,117.018
std dev,50.930,48.737,48.935,47.417,36.437,53.943,35.449,47.060,42.655,46.343,55.719,53.015,44.571,39.326,41.900,39.250,42.286,39.799,35.498,34.997,39.284,34.533,30.554,31.609,23.101,21.605,21.520,19.901,21.450,19.600,18.643,18.129,16.228,15.423,13.076,10.507,10.473,8.732,9.625,8.535,8.587,8.047,7.415,7.300,8.074,8.820,9.349,9.504,9.495,9.963,11.119,11.869,13.262,14.044,14.320,15.617,17.399,20.735,21.383,19.594,25.431,27.386,26.567,24.000,22.194,21.052,20.487,19.794,22.916,23.218,24.045,25.076,23.231,20.455,16.858,15.243,13.114,11.897,11.040,9.669,5.778,5.709,7.504,12.573,16.246,17.685,18.043,18.190,19.072,19.723,21.128,23.277,25.352,22.952,24.723,30.926,31.500,31.719,27.795,31.674,36.354,38.266,39.397,38.738,37.188,36.507,36.636,38.542,41.433,40.234,45.679,46.397,40.229,45.213,45.873,46.074,45.743,36.025,43.126,47.281,48.943,43.695,42.783,42.485
