gGSP
45.533
