,"""A1""","""A2""","""A3""","""A4""","""A5""","""A6""","""A7""","""A8""","""A9""","""A10""","""A11""","""A12""","""A13""","""A14""","""A15""","""A16""","""A17""","""A18""","""A19""","""A20""","""A21""","""A22""","""A23""","""A24""","""A25""","""A26""","""A27""","""A28""","""A29""","""A30""","""A31""","""A32""","""A33""","""A34""","""A35""","""A36""","""A37""","""A38""","""A39""","""A40""","""A41""","""A42""","""A43""","""A44""","""A45""","""A46""","""A47""","""A48""","""A49""","""A50""","""A51""","""A52""","""A53""","""A54""","""A55""","""A56""","""A57""","""A58""","""A59""","""A60""","""A61""","""A62""","""A63""","""A64""","""A65""","""A66""","""A67""","""A68""","""A69""","""A70""","""A71""","""A72""","""A73""","""A74""","""A75""","""A76""","""A77""","""A78""","""A79""","""A80""","""A81""","""A82""","""A83""","""A84""","""A85""","""A86""","""A87""","""A88""","""A89""","""A90""","""A91""","""A92""","""A93""","""A94""","""A95""","""A96""","""A97""","""A98""","""A99""","""A100""","""A101""","""A102""","""A103""","""A104""","""A105""","""A106""","""A107""","""A108""","""A109""","""A110""","""A111""","""A112""","""A113""","""A114""","""A115""","""A116""","""A117""","""A118"""
radius,G,C,G,U,A,C,A,G,G,G,A,A,C,A,C,G,C,A,A,C,C,C,C,G,A,A,G,G,A,U,C,G,G,G,G,A,A,G,G,G,A,C,G,U,C,G,C,C,A,G,G,G,A,G,G,C,G,A,U,U,C,C,A,U,C,A,G,G,A,U,G,A,U,G,A,C,G,A,G,G,G,A,C,U,G,A,A,G,A,G,U,G,G,G,C,G,G,G,G,U,A,A,U,A,C,C,C,C,G,C,C,C,C,U,U,U,U,U,mean,std dev
2.0,0.019,0.021,0.025,0.01,0.04,0.043,0.099,0.026,0.045,0.077,0.044,0.023,0.015,0.011,0.013,0.025,0.014,0.008,0.011,0.018,0.014,0.017,0.021,0.014,0.024,0.019,0.07,0.043,0.01,0.014,0.021,0.016,0.018,0.011,0.033,0.025,0.028,0.023,0.024,0.019,0.008,0.029,0.018,0.023,0.007,0.004,0.007,0.007,0.012,0.048,0.014,0.019,0.026,0.015,0.026,0.007,0.02,0.024,0.012,0.02,0.025,0.009,0.011,0.034,0.078,0.066,0.041,0.036,0.007,0.02,0.096,0.079,0.023,0.019,0.023,0.017,0.023,0.023,0.014,0.021,0.099,0.049,0.048,0.059,0.011,0.004,0.019,0.024,0.006,0.017,0.012,0.019,0.022,0.021,0.007,0.029,0.009,0.013,0.011,0.01,0.011,0.014,0.016,0.028,0.009,0.005,0.009,0.034,0.009,0.005,0.023,0.021,0.022,0.023,0.007,0.009,0.014,0.025,0.024,0.019
3.0,0.111,0.114,0.128,0.21,0.434,0.9,0.941,0.131,0.786,0.316,0.653,0.954,1.009,0.496,0.051,0.101,0.168,0.067,0.054,0.053,0.036,0.141,0.045,0.133,0.249,0.182,0.525,1.078,0.25,0.884,0.059,0.059,0.158,0.152,0.271,0.872,0.089,0.208,0.574,0.612,0.561,0.818,0.181,0.096,0.054,0.074,0.069,0.114,0.893,1.213,0.666,1.183,0.222,0.027,0.13,0.138,0.101,0.148,0.239,0.864,0.117,1.196,0.536,0.811,0.477,0.516,0.942,0.974,0.599,0.126,0.583,0.562,0.057,0.147,0.332,0.2,0.109,0.135,0.251,0.614,0.996,0.107,0.333,1.02,0.048,0.065,0.202,0.144,0.226,0.101,0.045,0.098,0.054,0.168,0.163,0.233,0.057,0.082,0.123,0.121,0.144,0.721,0.858,0.107,0.14,0.056,0.123,0.092,0.112,0.153,0.08,0.048,0.092,0.102,0.067,0.051,0.104,0.952,0.337,0.336
4.0,0.152,0.129,0.295,0.396,0.931,1.013,1.399,1.922,3.539,0.419,0.918,2.327,0.94,0.724,0.422,0.183,0.196,0.253,0.372,1.671,0.104,0.191,0.097,0.358,0.396,0.319,0.751,2.607,2.483,0.836,1.855,0.207,0.28,0.227,0.632,1.029,0.369,0.484,3.144,0.751,0.857,0.873,0.276,0.487,0.104,0.091,0.139,0.253,0.832,1.427,1.222,1.588,0.289,1.466,1.88,0.251,0.175,0.209,0.286,2.104,0.266,1.222,8.61,0.947,0.761,2.271,3.665,0.993,0.832,0.365,0.814,1.097,0.543,0.191,0.627,7.595,0.137,1.13,1.012,1.622,1.521,0.226,0.669,1.104,6.111,0.102,0.489,0.434,0.529,0.145,0.258,0.651,0.069,0.253,0.23,0.522,0.21,0.127,0.41,1.753,0.207,0.974,1.828,1.412,0.606,0.09,0.135,0.151,0.188,0.352,0.119,0.238,0.191,0.273,0.224,0.074,0.109,11.448,1.011,1.615
5.0,0.51,0.431,0.449,2.309,1.146,4.391,2.912,1.933,4.119,0.877,2.185,3.053,3.038,2.378,0.706,0.348,0.381,0.637,1.358,2.252,0.297,0.458,0.288,0.596,2.188,1.908,0.944,3.393,3.904,3.451,3.063,0.538,0.374,0.561,0.849,1.459,1.136,0.87,4.022,1.051,1.994,1.149,0.85,0.502,0.192,0.231,0.284,0.6,2.659,2.175,1.666,2.027,1.815,2.736,1.868,0.264,0.309,0.353,2.454,2.788,0.322,1.197,10.612,1.262,2.185,2.211,4.546,1.305,1.473,0.857,2.832,2.078,1.501,10.462,8.756,13.105,6.242,1.296,1.178,1.699,1.816,0.455,1.498,1.475,7.912,0.639,0.654,0.72,0.624,0.305,0.843,0.689,0.588,0.676,0.473,0.639,0.276,0.255,0.716,3.209,0.51,2.268,2.879,1.61,0.86,0.304,0.165,0.215,0.374,0.445,0.182,0.4,0.504,0.37,0.634,0.584,10.61,16.396,1.971,2.643
6.0,1.06,0.552,0.453,3.102,1.5,4.667,4.349,3.381,4.369,2.207,3.369,3.88,3.899,3.746,0.867,0.409,0.474,0.802,2.011,2.518,0.333,0.609,0.437,0.97,3.533,2.364,1.444,4.338,4.319,4.245,3.155,0.718,0.494,0.776,0.84,1.827,1.815,0.99,4.562,1.453,2.814,1.659,0.831,0.558,0.261,0.254,0.439,1.135,3.352,3.124,3.782,3.573,2.783,2.763,1.947,0.361,0.392,1.939,4.118,3.028,1.437,9.592,10.936,5.903,8.892,3.637,4.963,2.851,2.82,0.994,4.322,2.095,5.682,11.094,11.462,14.568,8.909,1.405,1.356,1.935,2.204,1.8,1.708,3.449,7.918,4.833,0.652,0.776,0.592,0.409,0.872,0.7,0.859,0.675,0.703,0.565,0.34,0.297,0.781,3.48,0.715,2.554,3.214,1.984,0.997,0.47,0.185,0.287,0.407,0.541,0.501,0.445,0.719,0.647,0.683,0.639,11.407,16.873,2.692,3.041
7.0,1.009,0.656,0.47,3.24,3.216,4.726,4.94,3.989,4.309,2.9,3.972,3.911,4.512,3.986,1.908,0.499,0.51,0.94,2.219,2.618,1.243,0.547,0.6,1.077,3.77,3.255,2.626,4.891,4.505,4.347,3.548,0.739,0.581,0.796,0.935,2.341,2.192,2.043,4.721,2.791,2.895,2.305,1.155,0.675,0.322,0.266,0.555,1.613,3.457,4.028,4.385,3.886,3.282,2.797,2.336,0.42,0.448,2.258,4.14,3.319,2.132,12.949,12.84,9.658,10.226,4.23,4.8,4.255,3.934,1.691,6.008,4.651,9.916,11.913,13.199,15.263,10.485,1.518,1.691,1.943,2.157,2.404,1.855,4.659,8.624,7.26,0.693,0.813,0.594,0.475,0.908,0.709,0.857,0.72,0.674,0.569,0.349,0.333,1.025,3.535,1.346,3.868,3.822,2.263,1.175,0.487,0.281,0.321,0.416,0.631,0.592,0.458,0.821,0.724,0.74,0.65,13.264,16.57,3.2,3.438
8.0,1.238,0.623,0.946,3.212,4.059,4.628,5.145,4.474,4.378,3.348,5.323,4.187,4.993,4.649,2.285,0.531,0.621,1.042,5.734,3.115,2.26,0.531,0.756,1.165,4.139,3.72,3.984,5.169,4.765,4.344,4.278,0.757,0.55,0.757,0.916,2.962,3.004,4.06,4.693,4.33,3.396,2.785,2.807,0.745,0.341,0.305,0.632,2.075,3.344,4.609,5.077,4.694,3.554,2.791,2.452,0.574,0.517,2.697,3.97,4.303,2.569,14.566,15.087,12.361,11.566,7.82,4.672,5.042,4.52,2.377,7.004,6.471,12.944,14.366,16.822,15.171,12.737,1.674,2.014,2.034,2.152,2.779,2.55,5.885,9.643,10.521,4.085,0.802,0.649,0.624,0.924,0.813,0.886,0.778,0.684,0.57,0.382,0.644,1.629,3.532,1.984,5.025,4.671,3.073,1.982,0.781,0.442,0.361,0.432,0.669,0.62,0.512,0.843,0.744,0.718,0.735,13.158,16.052,3.801,3.882
9.0,1.291,0.639,1.311,2.971,4.502,4.445,5.388,5.052,4.989,3.59,5.342,4.794,5.722,4.996,2.804,1.259,0.849,1.373,6.853,3.461,3.27,0.526,0.813,1.223,4.33,3.831,4.4,5.193,5.029,4.281,4.344,0.765,0.593,0.736,0.932,3.255,3.914,5.611,4.723,4.822,3.718,3.519,3.304,5.157,0.562,0.409,0.645,2.255,3.146,4.777,5.288,4.964,3.592,2.773,2.406,1.289,0.558,2.748,3.914,4.723,6.297,14.117,15.704,14.593,12.548,8.192,4.611,4.947,5.961,3.205,8.726,10.44,13.839,15.369,17.578,14.784,12.611,4.087,2.511,2.611,2.214,3.069,3.077,6.9,10.239,11.036,7.239,0.803,0.746,0.814,0.897,0.91,0.972,0.831,0.766,0.607,0.445,0.77,1.816,3.753,4.028,5.376,4.964,3.503,2.421,1.079,0.5,0.381,0.434,0.707,0.82,0.749,0.873,0.769,0.804,4.737,12.753,15.414,4.279,4.001
10.0,7.663,0.629,1.73,2.803,4.865,4.702,5.716,5.65,5.194,3.793,5.757,5.131,6.149,5.351,3.344,1.453,0.967,1.812,8.226,3.904,4.705,0.553,0.967,1.23,4.442,3.808,4.741,5.106,5.173,4.6,4.553,1.952,0.719,0.818,1.459,3.816,4.777,6.044,4.742,4.778,5.331,4.115,3.721,4.814,0.662,0.567,0.761,2.378,2.999,4.675,5.385,4.932,3.584,2.852,2.378,1.606,0.645,2.814,3.801,4.727,11.156,14.337,16.168,15.203,13.004,9.506,7.417,4.986,6.692,3.928,9.469,12.005,13.997,16.438,17.879,14.656,12.864,6.919,3.734,3.328,2.282,3.785,3.43,7.235,10.003,11.064,9.254,0.857,0.787,0.847,0.863,1.022,1.036,0.886,0.773,0.604,0.471,0.823,2.228,3.847,5.075,5.195,4.865,3.734,2.688,1.246,0.52,0.41,0.456,0.756,0.884,0.85,0.888,0.851,0.86,7.201,13.298,14.504,4.717,4.148
11.0,10.225,0.945,2.107,3.079,4.955,4.926,5.662,5.853,5.372,4.489,6.101,5.902,6.259,5.556,3.671,1.945,1.626,4.537,10.358,5.88,5.225,1.01,0.958,1.871,4.486,4.087,4.886,5.235,5.242,4.923,4.556,2.93,0.801,0.795,2.184,4.473,5.618,7.089,5.496,4.991,7.131,4.593,4.338,9.731,4.106,0.661,1.183,2.353,3.059,4.595,5.529,5.208,3.746,2.902,2.323,1.867,1.233,2.829,5.524,5.009,12.6,15.753,16.457,15.395,13.171,10.156,7.889,5.365,7.795,4.605,10.171,12.515,13.775,16.997,17.744,13.999,13.04,9.439,5.646,4.161,2.331,4.643,3.895,7.191,9.874,11.139,10.28,6.802,0.812,0.878,0.886,1.059,1.056,0.973,0.818,0.603,0.594,1.222,2.613,3.803,5.155,4.936,4.693,3.709,2.746,1.248,0.581,0.5,0.49,0.815,0.921,0.966,0.914,0.927,0.882,9.119,13.655,15.581,5.256,4.259
12.0,11.68,1.168,2.238,3.252,4.748,5.11,5.825,6.105,5.548,4.639,6.528,6.493,6.539,5.747,3.64,2.27,2.184,5.516,11.148,7.792,6.018,2.332,1.059,2.412,4.52,4.532,5.19,5.41,5.223,5.067,4.748,3.323,0.863,0.794,2.706,5.135,6.366,7.261,7.103,5.075,8.191,4.733,5.259,11.732,9.765,0.732,1.311,2.321,2.982,4.536,5.458,5.282,3.817,2.891,2.305,2.021,1.503,2.768,7.488,6.395,14.75,16.523,17.186,15.779,13.345,10.208,7.961,6.115,8.567,5.076,10.681,13.05,13.961,16.926,17.661,13.481,12.918,10.405,8.082,4.937,2.638,5.252,4.14,7.707,10.001,11.301,10.891,7.688,0.873,0.943,0.945,1.112,1.1,0.993,0.872,0.647,0.714,1.602,2.842,3.727,5.104,4.67,4.55,3.794,3.079,1.781,0.781,0.537,0.566,0.848,0.951,1.039,0.922,0.959,2.404,10.649,13.622,15.31,5.678,4.388
13.0,12.323,1.381,2.338,3.555,4.627,5.452,5.832,6.265,5.737,4.897,6.657,6.611,7.319,6.085,3.725,2.814,2.674,8.837,12.083,10.388,7.113,4.093,1.079,3.055,4.531,4.815,5.141,5.411,5.257,5.232,4.682,3.688,1.012,1.026,3.567,6.159,7.064,7.864,7.989,5.262,9.065,5.156,9.02,12.827,11.826,1.205,1.803,2.338,3.262,4.668,5.432,5.225,4.202,2.963,2.323,2.059,1.843,2.838,7.194,7.268,16.845,17.026,17.235,15.702,14.177,11.131,8.731,7.212,9.106,5.554,11.264,13.117,14.574,16.765,17.518,13.023,12.767,11.113,9.19,5.545,3.527,5.773,4.411,8.103,10.11,11.288,11.251,9.001,1.053,1.064,1.019,1.219,1.126,1.016,0.874,0.71,0.767,1.944,2.874,3.6,4.679,4.531,4.443,3.974,3.213,2.145,1.075,0.608,0.664,0.883,1.004,1.1,1.037,1.029,4.602,11.645,13.472,16.068,6.107,4.523
14.0,12.919,6.635,2.355,3.749,4.526,5.709,5.876,6.426,5.987,5.437,6.951,6.78,7.687,6.378,4.297,3.645,3.255,10.305,12.256,11.181,7.909,4.794,1.119,3.436,4.577,4.892,5.143,5.453,5.198,5.434,4.809,3.831,1.139,1.433,4.425,6.456,7.734,8.424,8.431,5.517,9.321,5.616,10.279,13.431,12.875,1.593,1.928,2.357,3.43,4.617,5.319,5.083,4.463,2.987,2.45,2.099,2.145,2.818,8.349,8.151,18.653,17.0,17.088,15.64,14.344,11.463,9.101,7.554,9.45,6.75,11.883,13.594,15.033,16.722,17.374,12.773,12.327,11.497,9.62,6.43,4.031,6.155,5.352,8.492,10.092,11.567,12.07,9.012,1.222,1.217,1.087,1.377,1.159,1.051,0.956,1.027,1.48,2.094,2.99,3.504,4.583,4.278,4.278,4.034,3.198,2.459,1.192,0.745,0.778,0.995,1.251,1.531,1.09,1.093,5.32,13.033,13.561,15.475,6.449,4.567
15.0,13.367,9.058,2.686,3.771,4.453,6.068,6.045,6.561,6.207,5.914,6.989,7.581,8.183,6.629,5.563,4.449,3.765,11.208,12.465,11.693,8.604,5.328,1.135,3.629,4.66,4.999,5.124,5.377,5.199,5.524,4.882,4.258,2.972,3.045,5.278,6.626,8.102,9.161,8.796,5.613,9.621,6.086,11.228,13.91,13.335,4.93,2.211,2.393,3.46,4.485,5.034,4.994,4.319,3.086,2.517,2.174,2.547,4.292,9.337,11.747,18.931,16.922,16.922,15.814,14.441,12.106,9.388,7.682,9.919,7.338,12.698,13.72,15.53,16.781,17.17,12.587,11.93,11.992,9.973,7.542,4.647,6.804,7.566,8.849,10.27,11.839,12.624,10.896,4.15,1.335,1.303,1.461,1.286,1.258,0.966,1.134,1.62,2.409,3.082,3.41,4.511,4.077,4.085,3.936,3.169,2.617,1.635,0.98,0.919,1.23,1.978,1.992,1.202,1.142,6.346,14.249,14.159,15.872,6.89,4.581
16.0,13.344,10.379,3.003,3.901,4.94,6.487,6.19,6.62,6.35,6.126,7.057,8.606,8.593,7.111,6.371,4.981,5.552,11.641,12.464,11.976,9.571,6.433,1.707,3.8,4.667,5.029,5.145,5.352,5.2,5.467,4.951,4.56,3.705,3.643,5.715,6.818,8.292,10.118,9.037,6.392,10.044,6.671,11.967,14.043,13.682,5.762,2.393,2.727,3.515,4.429,4.941,4.878,4.254,3.234,2.642,2.258,2.762,5.995,10.971,13.217,19.28,16.75,16.848,15.877,14.895,12.315,9.781,8.465,10.587,7.781,13.29,14.536,15.779,16.865,16.87,12.776,11.744,11.766,10.478,8.157,5.032,7.144,8.184,9.542,10.634,12.168,13.098,11.922,6.152,1.466,1.395,1.498,1.403,1.324,1.245,1.423,1.835,2.465,3.115,3.33,4.192,3.922,3.891,3.759,3.245,2.724,2.07,1.096,1.161,1.359,2.528,2.512,1.633,2.2,7.495,15.382,14.748,15.987,7.261,4.618
17.0,13.427,10.927,3.317,4.45,5.321,6.87,6.329,6.698,6.642,6.513,7.141,9.35,8.665,7.545,7.132,5.905,7.371,11.992,12.627,12.403,10.753,7.587,2.62,3.913,4.73,4.932,5.234,5.303,5.177,5.437,5.145,5.137,4.464,4.785,6.213,7.078,8.896,10.645,9.329,7.821,10.081,7.708,12.96,14.128,13.772,12.78,2.455,3.013,3.532,4.32,4.803,4.763,4.157,3.764,2.709,2.543,3.0,6.671,11.99,14.608,19.935,16.762,16.62,16.164,15.386,12.872,10.64,9.025,11.086,8.755,13.727,15.054,15.796,16.728,16.575,13.242,11.545,11.654,10.835,8.696,5.602,7.723,9.223,9.749,11.274,12.549,13.488,12.169,7.048,1.588,1.555,1.572,1.531,1.46,1.301,1.512,1.948,2.504,3.105,3.244,4.045,3.747,3.724,3.601,3.19,2.77,2.238,1.372,1.3,1.555,2.84,2.983,1.969,3.448,9.351,15.725,15.292,15.941,7.677,4.686
18.0,13.345,11.954,3.669,5.141,5.609,7.159,6.532,6.812,6.874,6.547,7.369,9.646,8.667,8.25,7.765,6.386,9.927,12.598,12.889,12.817,11.703,8.444,4.329,4.063,4.73,4.883,5.345,5.218,5.198,5.592,5.212,5.227,5.044,5.333,6.599,7.378,9.674,10.973,9.865,8.313,10.537,9.268,13.548,14.305,14.021,13.21,2.698,3.127,3.594,4.233,4.739,4.63,4.103,3.892,2.816,2.691,3.134,9.593,12.605,15.294,20.695,16.734,16.484,16.262,15.479,13.782,10.939,9.233,11.658,9.055,14.312,15.387,15.848,16.586,16.353,14.28,11.345,11.401,10.966,9.251,6.35,8.137,9.714,10.587,11.699,12.725,13.908,12.491,7.027,1.692,1.618,1.617,1.538,1.585,1.519,1.698,2.118,2.632,3.036,3.172,3.967,3.567,3.488,3.35,3.033,2.776,2.273,1.689,1.495,1.825,3.103,3.216,2.9,4.262,11.059,16.11,15.543,15.873,8.013,4.757
19.0,13.251,12.302,7.204,5.872,5.884,7.402,6.801,6.911,6.973,6.583,7.799,9.82,8.614,8.446,8.041,6.892,10.767,12.984,13.004,12.852,12.025,8.851,5.03,4.159,4.852,4.86,5.354,5.157,5.145,5.712,5.324,5.518,5.597,5.777,6.937,7.683,10.593,11.304,10.027,8.797,10.678,11.127,13.928,14.361,14.116,13.64,2.861,3.24,3.67,4.148,4.547,4.539,4.008,3.81,3.015,2.914,4.243,11.139,12.91,15.973,20.912,16.698,16.279,16.401,15.619,14.132,11.751,9.289,12.232,9.838,14.888,15.543,16.001,16.385,16.21,14.776,11.476,11.309,10.927,9.84,7.344,8.716,10.354,11.281,12.397,13.341,14.238,12.794,8.655,3.862,1.691,1.631,1.576,1.698,1.595,1.833,2.238,2.824,2.984,3.089,3.799,3.472,3.312,3.163,2.896,2.739,2.268,1.865,1.58,2.167,3.547,3.752,3.647,5.473,12.454,16.54,15.681,15.896,8.346,4.775
20.0,13.328,12.776,9.078,6.301,6.097,7.665,6.966,7.111,7.007,6.768,8.471,10.027,8.732,8.648,8.178,7.517,11.3,13.079,13.181,12.923,12.423,9.702,5.642,4.404,4.812,4.812,6.694,5.127,5.319,5.947,5.639,5.91,5.903,6.465,7.184,8.901,11.163,11.855,10.429,8.97,10.866,11.604,14.341,14.585,14.318,14.05,3.113,3.341,3.83,4.061,4.489,4.444,3.949,3.789,3.415,3.263,4.367,12.025,14.015,17.003,21.514,16.611,16.188,16.343,15.811,14.332,12.009,10.04,12.869,10.451,15.188,15.888,16.225,16.24,16.109,15.184,11.889,11.157,11.072,10.099,7.541,9.271,10.994,11.959,12.844,13.643,14.474,13.411,9.281,5.242,1.763,1.718,1.653,1.776,1.684,1.93,2.315,2.822,2.901,2.995,3.598,3.358,3.161,2.974,2.809,2.728,2.364,2.05,1.784,2.399,4.004,4.541,4.756,6.773,13.321,16.78,16.057,15.877,8.662,4.834
22.0,13.362,13.138,12.293,7.498,6.67,8.271,7.405,7.252,7.084,7.028,8.757,10.786,9.125,8.657,8.227,9.538,12.537,13.369,13.593,13.088,12.94,12.195,7.673,4.932,4.953,4.915,9.337,5.06,5.399,7.642,5.708,6.351,6.568,7.273,8.075,10.808,11.484,12.042,10.973,9.766,12.153,12.931,14.919,14.84,14.404,14.333,12.362,3.616,3.763,3.946,4.299,4.231,3.848,3.787,3.807,3.537,9.171,13.519,16.131,18.313,22.121,17.111,16.095,16.322,16.153,15.412,13.409,11.253,13.883,12.371,15.614,16.261,16.473,15.935,15.923,15.742,13.905,11.739,11.066,10.81,8.79,10.349,11.756,12.904,13.326,13.996,14.832,14.563,11.375,6.454,3.133,1.98,2.018,2.051,2.118,2.233,2.61,2.714,2.8,2.865,3.444,3.145,2.971,2.825,2.722,2.638,2.506,2.262,2.253,3.029,5.697,6.539,6.876,10.113,14.457,16.743,16.387,16.172,9.415,4.913
24.0,13.929,14.98,15.129,12.271,8.432,10.26,7.567,7.453,7.166,7.214,8.742,12.264,9.721,8.96,8.491,11.51,13.203,13.955,14.268,13.44,13.178,12.701,9.304,6.386,5.071,5.015,11.786,5.215,5.745,10.905,6.146,6.613,7.344,8.531,10.0,11.616,11.914,12.147,11.97,10.223,13.14,14.342,15.171,15.02,14.587,14.575,14.278,4.51,3.726,3.842,11.745,12.233,3.828,3.862,4.691,5.28,13.706,14.222,18.822,19.652,22.491,17.555,16.384,16.414,16.291,15.573,14.374,12.204,14.943,13.545,16.047,16.392,16.437,16.311,16.081,16.346,15.127,13.474,11.022,11.059,9.863,11.482,12.64,13.281,14.092,14.868,15.366,15.456,12.927,9.152,5.214,2.442,2.711,2.732,2.754,2.555,2.596,2.632,2.697,2.771,3.262,2.969,2.856,2.762,2.646,2.586,2.562,2.565,2.657,5.428,7.144,7.68,8.51,12.071,15.25,17.285,16.934,16.759,10.341,4.996
26.0,16.189,16.319,16.182,15.161,10.125,12.825,8.289,8.082,8.066,8.694,9.295,16.5,12.048,9.486,10.857,12.505,13.849,14.472,14.678,13.975,13.422,13.38,11.138,8.116,6.468,4.946,13.546,10.329,5.848,16.413,6.933,7.374,8.597,10.278,11.568,12.653,12.687,12.518,12.552,12.656,14.51,15.739,15.657,15.231,15.025,14.769,14.697,9.832,3.71,3.787,14.69,15.301,3.942,4.738,7.797,11.88,14.416,16.928,20.794,21.56,22.293,18.464,17.119,16.328,16.314,15.934,15.206,14.382,15.508,16.099,16.787,16.795,16.411,16.906,16.752,16.898,16.182,14.404,12.735,11.197,12.907,12.558,13.463,13.915,14.943,15.777,15.998,15.9,14.277,11.288,7.699,3.858,3.613,3.325,3.326,2.728,2.614,2.576,2.616,2.693,3.085,2.855,2.769,2.674,2.59,2.54,2.585,2.752,4.782,7.667,8.685,9.219,10.704,13.584,15.698,17.727,17.618,17.426,11.507,5.1
28.0,18.182,17.704,17.037,16.478,11.897,14.667,10.892,9.282,9.92,10.842,9.796,20.308,13.272,11.845,12.66,13.902,14.374,14.813,15.03,14.714,13.955,13.58,12.475,10.159,10.655,6.156,15.693,15.089,11.902,18.849,11.692,9.72,10.444,11.794,12.595,13.131,13.246,12.991,13.229,15.456,15.756,16.834,17.224,16.879,16.883,15.571,15.425,14.01,3.811,15.041,15.756,17.848,6.593,9.133,11.443,14.679,14.845,18.86,21.83,22.351,22.527,20.212,17.793,16.666,16.377,16.039,15.877,16.043,15.801,17.476,17.58,17.358,16.706,17.296,17.86,17.744,16.574,15.447,14.443,12.168,14.944,13.222,14.528,15.093,16.285,16.856,16.506,16.39,14.88,12.53,9.877,5.814,5.192,4.581,4.336,3.126,2.663,2.567,2.572,2.635,2.944,2.77,2.704,2.613,2.545,2.551,2.711,3.194,7.484,8.977,10.284,10.839,12.561,14.305,15.941,18.262,18.772,18.429,12.895,5.076
30.0,20.662,19.438,18.444,17.668,14.503,17.143,13.778,13.096,13.073,12.975,10.569,21.626,15.439,13.64,13.681,14.485,14.847,15.371,15.869,15.365,14.415,13.884,13.154,12.463,14.671,8.714,16.983,18.032,16.919,19.183,16.163,12.073,12.249,12.713,13.209,13.728,14.123,14.043,15.919,17.438,16.887,18.171,20.081,20.924,20.634,18.721,16.792,15.825,7.091,17.054,16.768,18.075,16.326,11.758,14.261,15.154,15.793,21.065,22.494,22.762,22.735,22.069,18.921,17.109,16.706,16.09,16.286,16.735,16.628,18.753,18.204,17.66,17.264,18.377,18.837,18.686,17.706,16.115,15.721,15.957,16.246,14.285,15.157,16.475,16.993,17.004,17.022,16.819,15.353,13.912,11.951,8.558,6.896,5.942,5.904,3.687,2.824,2.632,2.556,2.579,2.844,2.695,2.633,2.573,2.534,2.618,2.782,5.471,9.029,10.5,11.75,12.386,13.616,14.967,16.835,18.68,19.613,20.567,14.321,5.176
32.0,23.067,21.306,19.967,18.898,16.302,18.842,15.701,15.658,15.667,15.059,14.245,22.714,19.537,15.456,15.076,15.36,15.679,16.73,17.143,16.442,15.597,14.755,14.295,14.149,17.892,11.828,18.154,19.073,19.068,18.834,18.102,13.778,13.045,13.26,13.529,14.37,15.212,16.15,19.132,20.311,18.769,20.01,22.597,24.667,23.359,21.388,18.232,17.9,14.167,17.883,17.657,18.226,18.16,14.524,15.773,15.549,18.499,22.096,23.16,23.133,23.148,23.385,20.031,17.381,16.968,16.758,16.698,17.003,17.892,19.459,19.58,18.646,17.782,19.63,20.512,19.471,18.321,16.833,16.76,17.809,17.29,16.111,15.283,17.165,17.492,17.739,17.391,17.364,16.333,14.946,13.23,10.381,9.088,7.347,7.331,5.308,3.194,2.717,2.562,2.544,2.756,2.655,2.588,2.539,2.591,2.755,4.95,7.823,10.492,11.991,12.875,13.825,14.439,15.903,18.183,19.857,19.724,21.293,15.655,5.335
34.0,25.07,22.579,21.196,19.96,17.437,19.491,16.965,17.181,16.692,16.918,19.279,23.483,22.85,17.822,16.065,16.197,16.888,18.927,19.333,17.528,16.775,15.894,15.094,15.586,19.123,15.34,18.876,19.534,19.048,18.431,18.312,15.296,13.802,13.732,14.048,14.885,17.712,19.542,22.513,22.848,21.379,22.063,24.907,26.375,25.141,23.237,20.138,18.828,17.137,18.32,17.967,17.928,18.735,18.966,17.403,16.131,20.802,22.689,23.632,23.822,23.642,23.741,22.016,18.173,17.391,17.156,17.158,17.413,18.394,19.798,20.026,19.768,18.995,21.616,22.824,19.879,19.123,17.766,17.911,19.016,17.7,17.198,15.65,17.63,17.93,18.045,17.767,17.821,17.12,16.21,14.481,12.171,11.046,8.716,9.003,7.269,4.746,2.843,2.649,2.54,2.696,2.602,2.565,2.542,2.649,2.804,6.333,9.489,11.753,13.009,13.99,14.506,15.077,17.287,19.075,20.562,20.33,21.59,16.806,5.542
36.0,26.332,24.122,22.258,20.883,18.252,20.199,18.063,18.032,17.745,18.719,21.776,23.984,24.211,20.381,17.598,17.551,18.596,21.238,22.617,19.618,17.499,16.98,16.351,17.094,18.868,18.382,19.126,19.135,18.51,18.149,17.991,16.444,14.478,14.095,14.38,15.848,20.807,22.879,24.324,23.915,24.12,23.601,26.563,27.305,26.162,24.471,22.024,19.863,19.746,18.658,17.922,18.129,19.591,19.871,18.975,19.659,23.005,23.416,24.314,24.171,23.779,23.645,23.33,19.267,18.078,17.617,17.726,18.251,19.144,20.396,21.172,20.606,20.106,23.433,23.312,20.062,19.69,18.936,19.25,18.919,17.984,17.655,15.718,17.31,18.021,18.348,18.103,18.492,18.247,18.08,16.222,13.451,12.423,10.99,10.363,8.866,7.571,4.337,2.763,2.602,2.641,2.567,2.534,2.598,2.776,5.202,8.972,10.933,12.938,13.955,14.519,14.964,15.407,18.431,19.999,20.914,21.144,22.014,17.845,5.619
38.0,27.067,25.119,23.342,21.794,18.928,21.346,18.721,19.072,19.807,20.443,22.732,24.734,24.52,22.386,19.97,19.54,21.681,23.837,25.55,23.267,18.782,17.983,17.428,17.929,18.225,19.135,18.848,18.61,18.012,17.875,17.692,17.514,15.837,14.918,15.075,18.871,24.289,25.07,25.788,24.911,25.862,25.606,28.025,28.12,27.32,26.022,24.1,19.847,20.271,19.418,18.015,18.773,19.466,19.77,19.948,23.132,24.261,24.597,24.9,24.548,24.057,23.554,23.45,21.076,18.681,18.213,18.53,19.025,19.871,21.116,22.558,22.271,22.256,23.284,23.039,20.92,19.783,20.225,19.776,18.975,18.092,17.498,16.05,17.591,18.038,18.443,18.455,19.506,19.593,19.067,17.461,14.613,13.592,12.236,11.837,10.385,9.059,6.844,3.432,2.719,2.587,2.544,2.546,2.666,4.194,7.554,10.147,12.309,13.797,14.585,15.009,15.338,16.482,19.293,20.579,21.468,21.73,22.346,18.805,5.723
40.0,27.927,27.927,27.927,27.927,27.927,27.927,27.927,27.927,27.927,27.927,27.927,27.927,27.927,27.927,27.927,27.927,27.927,27.927,27.927,27.927,27.927,27.927,27.927,27.927,27.927,27.927,27.927,27.927,27.927,27.927,27.927,27.927,27.927,27.927,27.927,27.927,27.927,27.927,27.927,27.927,27.927,27.927,27.927,27.927,27.927,27.927,27.927,27.927,27.927,27.927,27.927,27.927,27.927,27.927,27.927,27.927,27.927,27.927,27.927,27.927,27.927,27.927,27.927,27.927,27.927,27.927,27.927,27.927,27.927,27.927,27.927,27.927,27.927,27.927,27.927,27.927,27.927,27.927,27.927,27.927,27.927,27.927,27.927,27.927,27.927,27.927,27.927,27.927,27.927,27.927,27.927,27.927,27.927,27.927,27.927,27.927,27.927,27.927,27.927,27.927,27.927,27.927,27.927,27.927,27.927,27.927,27.927,27.927,27.927,27.927,27.927,27.927,27.927,27.927,27.927,27.927,27.927,27.927,27.927,0.0
mean,12.14,9.791,8.192,8.271,7.666,9.08,8.216,8.102,8.192,7.63,8.681,10.807,9.937,8.734,7.632,7.246,8.006,10.009,11.563,10.513,9.245,7.635,5.984,6.078,7.362,6.538,8.38,8.375,7.965,8.812,7.638,6.318,5.709,5.947,6.83,8.211,9.318,10.012,10.415,9.407,10.607,9.898,11.486,12.531,11.578,9.372,7.292,6.545,6.082,7.45,8.294,8.434,6.848,6.409,6.344,6.266,7.323,9.637,11.977,12.717,15.281,15.642,15.892,14.028,13.355,11.644,10.588,9.504,10.693,9.507,12.533,12.951,13.841,15.438,15.839,14.661,12.739,10.441,9.557,8.769,7.801,8.365,8.523,10.156,11.888,11.934,11.344,10.062,7.554,5.951,5.037,4.175,3.906,3.586,3.49,3.136,2.896,2.885,3.133,3.758,3.857,4.113,4.098,3.646,3.263,3.023,3.114,3.394,4.023,4.669,5.304,5.537,5.746,6.748,9.032,12.184,14.506,16.229
std dev,8.665,8.998,8.702,7.729,6.557,6.865,6.025,6.096,5.977,6.515,6.538,7.998,7.247,6.515,6.675,7.162,7.629,7.695,7.148,6.936,6.804,7.087,7.039,6.666,6.714,6.158,7.068,6.797,6.605,7.062,6.56,6.471,6.501,6.51,6.343,6.266,7.003,7.187,7.235,7.856,7.524,8.111,8.835,8.925,9.158,9.321,8.687,7.595,6.668,6.967,6.803,7.064,7.065,6.897,7.094,7.78,8.611,8.783,8.556,8.65,9.106,6.972,5.688,6.333,5.937,6.151,6.044,6.518,6.656,7.617,6.792,6.876,6.461,6.245,6.327,5.332,5.897,6.793,6.825,6.814,6.968,6.554,6.5,6.178,5.415,6.22,6.898,7.476,7.615,7.407,6.84,6.108,5.882,5.596,5.582,5.333,5.165,4.946,4.786,4.657,4.797,4.677,4.643,4.696,4.765,4.954,5.297,5.706,6.169,6.383,6.506,6.647,6.96,7.664,8.0,7.978,6.067,5.295
